379
1 2 -1 0
1 2 -1 0
1 2 -1 0
1 2 -1 0
2 3 -1 0
2 3 1 0
2 4 0 0
2 4 4 0
2 3 5 0
2 3 -1 0
3 4 0 0
3 4 0 0
3 4 4 0
4 4 0 0

1 2 -1 0
1 2 -1 0
1 2 -1 0
1 2 -1 0
2 3 -1 0
2 3 2 0
2 4 0 0
2 4 3 0
2 3 4 0
2 3 -1 0
3 4 1 0
3 4 0 0
3 4 3 0
4 4 0 0

1 2 -1 0
1 2 -1 0
1 2 -1 0
1 2 -1 0
2 3 -1 0
2 3 2 0
2 4 0 0
2 4 4 0
2 3 4 0
2 3 -1 0
3 4 1 0
3 4 0 0
3 4 3 0
4 4 0 0

1 2 -1 0
1 2 -1 0
1 2 -1 0
1 2 -1 0
2 3 -1 0
2 3 3 0
2 4 0 0
2 4 2 0
2 3 3 0
2 3 -1 0
3 4 2 0
3 4 0 0
3 4 2 0
4 4 0 0

1 2 -1 0
1 2 -1 0
1 2 -1 0
1 2 -1 0
2 3 -1 0
2 3 3 0
2 4 0 0
2 4 3 0
2 3 3 0
2 3 -1 0
3 4 2 0
3 4 0 0
3 4 2 0
4 4 0 0

1 2 -1 0
1 2 -1 0
1 2 -1 0
1 2 -1 0
2 3 -1 0
2 3 3 0
2 4 0 0
2 4 4 0
2 3 3 0
2 3 -1 0
3 4 2 0
3 4 0 0
3 4 2 0
4 4 0 0

1 2 -1 0
1 2 -1 0
1 2 -1 0
1 2 -1 0
2 3 -1 0
2 3 4 0
2 4 0 0
2 4 3 0
2 3 2 0
2 3 -1 0
3 4 3 0
3 4 0 0
3 4 1 0
4 4 0 0

1 2 -1 0
1 2 -1 0
1 2 -1 0
1 2 -1 0
2 3 -1 0
2 3 4 0
2 4 0 0
2 4 4 0
2 3 2 0
2 3 -1 0
3 4 3 0
3 4 0 0
3 4 1 0
4 4 0 0

1 2 -1 0
1 2 -1 0
1 2 -1 0
1 2 -1 0
2 3 -1 0
2 3 5 0
2 4 0 0
2 4 4 0
2 3 1 0
2 3 -1 0
3 4 4 0
3 4 0 0
3 4 0 0
4 4 0 0

1 2 -1 0
1 2 -1 0
1 2 -1 0
1 2 -1 0
2 3 1 0
2 3 -1 0
2 4 0 0
2 4 4 0
2 3 -1 0
2 3 5 0
3 4 0 0
3 4 0 0
3 4 4 0
4 4 0 0

1 2 -1 0
1 2 -1 0
1 2 -1 0
1 2 -1 0
2 3 2 0
2 3 -1 0
2 4 0 0
2 4 3 0
2 3 -1 0
2 3 4 0
3 4 1 0
3 4 0 0
3 4 3 0
4 4 0 0

1 2 -1 0
1 2 -1 0
1 2 -1 0
1 2 -1 0
2 3 2 0
2 3 -1 0
2 4 0 0
2 4 4 0
2 3 -1 0
2 3 4 0
3 4 1 0
3 4 0 0
3 4 3 0
4 4 0 0

1 2 -1 0
1 2 -1 0
1 2 -1 0
1 2 -1 0
2 3 3 0
2 3 -1 0
2 4 0 0
2 4 2 0
2 3 -1 0
2 3 3 0
3 4 2 0
3 4 0 0
3 4 2 0
4 4 0 0

1 2 -1 0
1 2 -1 0
1 2 -1 0
1 2 -1 0
2 3 3 0
2 3 -1 0
2 4 0 0
2 4 3 0
2 3 -1 0
2 3 3 0
3 4 2 0
3 4 0 0
3 4 2 0
4 4 0 0

1 2 -1 0
1 2 -1 0
1 2 -1 0
1 2 -1 0
2 3 3 0
2 3 -1 0
2 4 0 0
2 4 4 0
2 3 -1 0
2 3 3 0
3 4 2 0
3 4 0 0
3 4 2 0
4 4 0 0

1 2 -1 0
1 2 -1 0
1 2 -1 0
1 2 -1 0
2 3 4 0
2 3 -1 0
2 4 0 0
2 4 3 0
2 3 -1 0
2 3 2 0
3 4 3 0
3 4 0 0
3 4 1 0
4 4 0 0

1 2 -1 0
1 2 -1 0
1 2 -1 0
1 2 -1 0
2 3 4 0
2 3 -1 0
2 4 0 0
2 4 4 0
2 3 -1 0
2 3 2 0
3 4 3 0
3 4 0 0
3 4 1 0
4 4 0 0

1 2 -1 0
1 2 -1 0
1 2 -1 0
1 2 -1 0
2 3 5 0
2 3 -1 0
2 4 0 0
2 4 4 0
2 3 -1 0
2 3 1 0
3 4 4 0
3 4 0 0
3 4 0 0
4 4 0 0

1 2 -1 0
1 2 -1 0
1 2 -1 0
1 2 2 0
2 3 -1 0
2 3 -1 0
2 4 0 0
2 4 4 0
2 3 1 0
2 3 1 0
3 4 4 0
3 4 0 0
3 4 0 0
4 4 0 0

1 2 -1 0
1 2 -1 0
1 2 -1 0
1 2 3 0
2 3 -1 0
2 3 -1 0
2 4 0 0
2 4 3 0
2 3 2 0
2 3 2 0
3 4 3 0
3 4 0 0
3 4 1 0
4 4 0 0

1 2 -1 0
1 2 -1 0
1 2 -1 0
1 2 4 0
2 3 -1 0
2 3 -1 0
2 4 0 0
2 4 2 0
2 3 3 0
2 3 3 0
3 4 2 0
3 4 0 0
3 4 2 0
4 4 0 0

1 2 -1 0
1 2 -1 0
1 2 -1 0
1 2 4 0
2 3 -1 0
2 3 -1 0
2 4 0 0
2 4 3 0
2 3 3 0
2 3 3 0
3 4 2 0
3 4 0 0
3 4 2 0
4 4 0 0

1 2 -1 0
1 2 -1 0
1 2 -1 0
1 2 5 0
2 3 -1 0
2 3 -1 0
2 4 0 0
2 4 3 0
2 3 4 0
2 3 4 0
3 4 1 0
3 4 0 0
3 4 3 0
4 4 0 0

1 2 -1 1
1 2 -1 1
1 3 -1 1
1 3 -1 1
2 3 1 1
2 3 -1 1
2 4 0 1
2 4 4 1
2 3 -1 1
2 4 4 1
3 4 0 1
3 4 0 1
3 4 4 1
4 4 0 1

1 2 -1 1
1 2 -1 1
1 3 -1 1
1 3 -1 1
2 3 2 1
2 3 -1 1
2 4 0 1
2 4 3 1
2 3 -1 1
2 4 3 1
3 4 1 1
3 4 0 1
3 4 3 1
4 4 0 1

1 2 -1 1
1 2 -1 1
1 3 -1 1
1 3 -1 1
2 3 2 1
2 3 -1 1
2 4 0 1
2 4 4 1
2 3 -1 1
2 4 3 1
3 4 1 1
3 4 0 1
3 4 3 1
4 4 0 1

1 2 -1 1
1 2 -1 1
1 3 -1 1
1 3 -1 1
2 3 3 1
2 3 -1 1
2 4 0 1
2 4 2 1
2 3 -1 1
2 4 2 1
3 4 2 1
3 4 0 1
3 4 2 1
4 4 0 1

1 2 -1 1
1 2 -1 1
1 3 -1 1
1 3 -1 1
2 3 3 1
2 3 -1 1
2 4 0 1
2 4 3 1
2 3 -1 1
2 4 2 1
3 4 2 1
3 4 0 1
3 4 2 1
4 4 0 1

1 2 -1 1
1 2 -1 1
1 3 -1 1
1 3 -1 1
2 3 3 1
2 3 -1 1
2 4 0 1
2 4 4 1
2 3 -1 1
2 4 2 1
3 4 2 1
3 4 0 1
3 4 2 1
4 4 0 1

1 2 -1 1
1 2 -1 1
1 3 -1 1
1 3 -1 1
2 3 4 1
2 3 -1 1
2 4 0 1
2 4 3 1
2 3 -1 1
2 4 1 1
3 4 3 1
3 4 0 1
3 4 1 1
4 4 0 1

1 2 -1 1
1 2 -1 1
1 3 -1 1
1 3 -1 1
2 3 4 1
2 3 -1 1
2 4 0 1
2 4 4 1
2 3 -1 1
2 4 1 1
3 4 3 1
3 4 0 1
3 4 1 1
4 4 0 1

1 2 -1 1
1 2 -1 1
1 3 -1 1
1 3 -1 1
2 3 5 1
2 3 -1 1
2 4 0 1
2 4 4 1
2 3 -1 1
2 4 0 1
3 4 4 1
3 4 0 1
3 4 0 1
4 4 0 1

1 2 -1 1
1 2 -1 1
1 3 -1 1
1 3 1 1
2 3 -1 1
2 3 -1 1
2 4 0 1
2 4 4 1
2 3 1 1
2 4 0 1
3 4 4 1
3 4 0 1
3 4 0 1
4 4 0 1

1 2 -1 1
1 2 -1 1
1 3 -1 1
1 3 2 1
2 3 -1 1
2 3 -1 1
2 4 0 1
2 4 3 1
2 3 2 1
2 4 1 1
3 4 3 1
3 4 0 1
3 4 1 1
4 4 0 1

1 2 -1 1
1 2 -1 1
1 3 -1 1
1 3 3 1
2 3 -1 1
2 3 -1 1
2 4 0 1
2 4 2 1
2 3 3 1
2 4 2 1
3 4 2 1
3 4 0 1
3 4 2 1
4 4 0 1

1 2 -1 1
1 2 -1 1
1 3 -1 1
1 3 3 1
2 3 -1 1
2 3 -1 1
2 4 0 1
2 4 3 1
2 3 3 1
2 4 2 1
3 4 2 1
3 4 0 1
3 4 2 1
4 4 0 1

1 2 -1 1
1 2 -1 1
1 3 -1 1
1 3 4 1
2 3 -1 1
2 3 -1 1
2 4 0 1
2 4 3 1
2 3 4 1
2 4 3 1
3 4 1 1
3 4 0 1
3 4 3 1
4 4 0 1

1 2 -1 1
1 2 -1 1
1 3 3 1
1 3 3 1
2 3 -1 1
2 3 3 1
2 4 0 1
2 4 2 1
2 3 3 1
2 4 2 1
3 4 2 1
3 4 0 1
3 4 2 1
4 4 0 1

1 2 -1 1
1 2 -1 1
1 3 3 1
1 3 3 1
2 3 -1 1
2 3 3 1
2 4 0 1
2 4 3 1
2 3 3 1
2 4 2 1
3 4 2 1
3 4 0 1
3 4 2 1
4 4 0 1

1 2 -1 1
1 2 -1 1
1 3 3 1
1 3 4 1
2 3 -1 1
2 3 2 1
2 4 0 1
2 4 3 1
2 3 4 1
2 4 3 1
3 4 1 1
3 4 0 1
3 4 3 1
4 4 0 1

1 2 -1 1
1 2 -1 1
1 3 4 1
1 3 2 1
2 3 -1 1
2 3 4 1
2 4 0 1
2 4 3 1
2 3 2 1
2 4 1 1
3 4 3 1
3 4 0 1
3 4 1 1
4 4 0 1

1 2 -1 1
1 2 -1 1
1 3 4 1
1 3 2 1
2 3 -1 1
2 3 4 1
2 4 0 1
2 4 4 1
2 3 2 1
2 4 1 1
3 4 3 1
3 4 0 1
3 4 1 1
4 4 0 1

1 2 -1 1
1 2 -1 1
1 3 4 1
1 3 3 1
2 3 -1 1
2 3 3 1
2 4 0 1
2 4 4 1
2 3 3 1
2 4 2 1
3 4 2 1
3 4 0 1
3 4 2 1
4 4 0 1

1 2 -1 1
1 2 -1 1
1 3 4 1
1 3 4 1
2 3 -1 1
2 3 2 1
2 4 0 1
2 4 4 1
2 3 4 1
2 4 3 1
3 4 1 1
3 4 0 1
3 4 3 1
4 4 0 1

1 2 -1 1
1 2 -1 1
1 3 4 1
1 3 5 1
2 3 -1 1
2 3 1 1
2 4 0 1
2 4 4 1
2 3 5 1
2 4 4 1
3 4 0 1
3 4 0 1
3 4 4 1
4 4 0 1

1 2 -1 1
1 2 -1 1
1 3 5 1
1 3 1 1
2 3 -1 1
2 3 5 1
2 4 0 1
2 4 4 1
2 3 1 1
2 4 0 1
3 4 4 1
3 4 0 1
3 4 0 1
4 4 0 1

1 2 -1 2
1 3 -1 2
1 2 -1 2
1 3 -1 2
2 3 -1 2
2 3 1 2
2 4 0 2
2 4 4 2
2 4 4 2
2 3 -1 2
3 4 0 2
3 4 0 2
3 4 4 2
4 4 0 2

1 2 -1 2
1 3 -1 2
1 2 -1 2
1 3 -1 2
2 3 -1 2
2 3 2 2
2 4 0 2
2 4 3 2
2 4 3 2
2 3 -1 2
3 4 1 2
3 4 0 2
3 4 3 2
4 4 0 2

1 2 -1 2
1 3 -1 2
1 2 -1 2
1 3 -1 2
2 3 -1 2
2 3 2 2
2 4 0 2
2 4 4 2
2 4 3 2
2 3 -1 2
3 4 1 2
3 4 0 2
3 4 3 2
4 4 0 2

1 2 -1 2
1 3 -1 2
1 2 -1 2
1 3 -1 2
2 3 -1 2
2 3 3 2
2 4 0 2
2 4 2 2
2 4 2 2
2 3 -1 2
3 4 2 2
3 4 0 2
3 4 2 2
4 4 0 2

1 2 -1 2
1 3 -1 2
1 2 -1 2
1 3 -1 2
2 3 -1 2
2 3 3 2
2 4 0 2
2 4 3 2
2 4 2 2
2 3 -1 2
3 4 2 2
3 4 0 2
3 4 2 2
4 4 0 2

1 2 -1 2
1 3 -1 2
1 2 -1 2
1 3 -1 2
2 3 -1 2
2 3 3 2
2 4 0 2
2 4 4 2
2 4 2 2
2 3 -1 2
3 4 2 2
3 4 0 2
3 4 2 2
4 4 0 2

1 2 -1 2
1 3 -1 2
1 2 -1 2
1 3 -1 2
2 3 -1 2
2 3 4 2
2 4 0 2
2 4 3 2
2 4 1 2
2 3 -1 2
3 4 3 2
3 4 0 2
3 4 1 2
4 4 0 2

1 2 -1 2
1 3 -1 2
1 2 -1 2
1 3 -1 2
2 3 -1 2
2 3 4 2
2 4 0 2
2 4 4 2
2 4 1 2
2 3 -1 2
3 4 3 2
3 4 0 2
3 4 1 2
4 4 0 2

1 2 -1 2
1 3 -1 2
1 2 -1 2
1 3 -1 2
2 3 -1 2
2 3 5 2
2 4 0 2
2 4 4 2
2 4 0 2
2 3 -1 2
3 4 4 2
3 4 0 2
3 4 0 2
4 4 0 2

1 2 -1 2
1 3 -1 2
1 2 -1 2
1 3 1 2
2 3 -1 2
2 3 -1 2
2 4 0 2
2 4 4 2
2 4 0 2
2 3 1 2
3 4 4 2
3 4 0 2
3 4 0 2
4 4 0 2

1 2 -1 2
1 3 -1 2
1 2 -1 2
1 3 2 2
2 3 -1 2
2 3 -1 2
2 4 0 2
2 4 3 2
2 4 1 2
2 3 2 2
3 4 3 2
3 4 0 2
3 4 1 2
4 4 0 2

1 2 -1 2
1 3 -1 2
1 2 -1 2
1 3 3 2
2 3 -1 2
2 3 -1 2
2 4 0 2
2 4 2 2
2 4 2 2
2 3 3 2
3 4 2 2
3 4 0 2
3 4 2 2
4 4 0 2

1 2 -1 2
1 3 -1 2
1 2 -1 2
1 3 3 2
2 3 -1 2
2 3 -1 2
2 4 0 2
2 4 3 2
2 4 2 2
2 3 3 2
3 4 2 2
3 4 0 2
3 4 2 2
4 4 0 2

1 2 -1 2
1 3 -1 2
1 2 -1 2
1 3 4 2
2 3 -1 2
2 3 -1 2
2 4 0 2
2 4 3 2
2 4 3 2
2 3 4 2
3 4 1 2
3 4 0 2
3 4 3 2
4 4 0 2

1 2 -1 5
1 3 -1 5
1 3 -1 5
1 4 0 5
2 3 -1 5
2 3 -1 5
2 4 0 5
2 4 4 5
2 4 0 5
2 4 0 5
3 4 4 5
3 4 0 5
3 4 0 5
4 4 0 5

1 2 -1 5
1 3 -1 5
1 3 -1 5
1 4 1 5
2 3 -1 5
2 3 -1 5
2 4 0 5
2 4 3 5
2 4 1 5
2 4 1 5
3 4 3 5
3 4 0 5
3 4 1 5
4 4 0 5

1 2 -1 5
1 3 -1 5
1 3 -1 5
1 4 2 5
2 3 -1 5
2 3 -1 5
2 4 0 5
2 4 2 5
2 4 2 5
2 4 2 5
3 4 2 5
3 4 0 5
3 4 2 5
4 4 0 5

1 2 -1 5
1 3 -1 5
1 3 -1 5
1 4 2 5
2 3 -1 5
2 3 -1 5
2 4 0 5
2 4 3 5
2 4 2 5
2 4 2 5
3 4 2 5
3 4 0 5
3 4 2 5
4 4 0 5

1 2 -1 5
1 3 -1 5
1 3 -1 5
1 4 3 5
2 3 -1 5
2 3 -1 5
2 4 0 5
2 4 3 5
2 4 3 5
2 4 3 5
3 4 1 5
3 4 0 5
3 4 3 5
4 4 0 5

1 2 -1 5
1 3 -1 5
1 3 3 5
1 4 2 5
2 3 -1 5
2 3 3 5
2 4 0 5
2 4 2 5
2 4 2 5
2 4 2 5
3 4 2 5
3 4 0 5
3 4 2 5
4 4 0 5

1 2 -1 5
1 3 -1 5
1 3 3 5
1 4 2 5
2 3 -1 5
2 3 3 5
2 4 0 5
2 4 3 5
2 4 2 5
2 4 2 5
3 4 2 5
3 4 0 5
3 4 2 5
4 4 0 5

1 2 -1 5
1 3 -1 5
1 3 3 5
1 4 3 5
2 3 -1 5
2 3 2 5
2 4 0 5
2 4 3 5
2 4 3 5
2 4 3 5
3 4 1 5
3 4 0 5
3 4 3 5
4 4 0 5

1 2 -1 5
1 3 -1 5
1 3 4 5
1 4 1 5
2 3 -1 5
2 3 4 5
2 4 0 5
2 4 3 5
2 4 1 5
2 4 1 5
3 4 3 5
3 4 0 5
3 4 1 5
4 4 0 5

1 2 -1 5
1 3 -1 5
1 3 4 5
1 4 1 5
2 3 -1 5
2 3 4 5
2 4 0 5
2 4 4 5
2 4 1 5
2 4 1 5
3 4 3 5
3 4 0 5
3 4 1 5
4 4 0 5

1 2 -1 5
1 3 -1 5
1 3 4 5
1 4 2 5
2 3 -1 5
2 3 3 5
2 4 0 5
2 4 4 5
2 4 2 5
2 4 2 5
3 4 2 5
3 4 0 5
3 4 2 5
4 4 0 5

1 2 -1 5
1 3 -1 5
1 3 4 5
1 4 3 5
2 3 -1 5
2 3 2 5
2 4 0 5
2 4 4 5
2 4 3 5
2 4 3 5
3 4 1 5
3 4 0 5
3 4 3 5
4 4 0 5

1 2 -1 5
1 3 -1 5
1 3 4 5
1 4 4 5
2 3 -1 5
2 3 1 5
2 4 0 5
2 4 4 5
2 4 4 5
2 4 4 5
3 4 0 5
3 4 0 5
3 4 4 5
4 4 0 5

1 2 -1 5
1 3 -1 5
1 3 5 5
1 4 0 5
2 3 -1 5
2 3 5 5
2 4 0 5
2 4 4 5
2 4 0 5
2 4 0 5
3 4 4 5
3 4 0 5
3 4 0 5
4 4 0 5

1 2 -1 2
1 3 3 2
1 2 -1 2
1 3 3 2
2 3 3 2
2 3 -1 2
2 4 0 2
2 4 2 2
2 4 2 2
2 3 3 2
3 4 2 2
3 4 0 2
3 4 2 2
4 4 0 2

1 2 -1 2
1 3 3 2
1 2 -1 2
1 3 3 2
2 3 3 2
2 3 -1 2
2 4 0 2
2 4 3 2
2 4 2 2
2 3 3 2
3 4 2 2
3 4 0 2
3 4 2 2
4 4 0 2

1 2 -1 2
1 3 3 2
1 2 -1 2
1 3 4 2
2 3 2 2
2 3 -1 2
2 4 0 2
2 4 3 2
2 4 3 2
2 3 4 2
3 4 1 2
3 4 0 2
3 4 3 2
4 4 0 2

1 2 -1 5
1 3 3 5
1 3 -1 5
1 4 2 5
2 3 3 5
2 3 -1 5
2 4 0 5
2 4 2 5
2 4 2 5
2 4 2 5
3 4 2 5
3 4 0 5
3 4 2 5
4 4 0 5

1 2 -1 5
1 3 3 5
1 3 -1 5
1 4 2 5
2 3 3 5
2 3 -1 5
2 4 0 5
2 4 3 5
2 4 2 5
2 4 2 5
3 4 2 5
3 4 0 5
3 4 2 5
4 4 0 5

1 2 -1 5
1 3 3 5
1 3 -1 5
1 4 3 5
2 3 2 5
2 3 -1 5
2 4 0 5
2 4 3 5
2 4 3 5
2 4 3 5
3 4 1 5
3 4 0 5
3 4 3 5
4 4 0 5

1 2 -1 2
1 3 4 2
1 2 -1 2
1 3 2 2
2 3 4 2
2 3 -1 2
2 4 0 2
2 4 3 2
2 4 1 2
2 3 2 2
3 4 3 2
3 4 0 2
3 4 1 2
4 4 0 2

1 2 -1 2
1 3 4 2
1 2 -1 2
1 3 2 2
2 3 4 2
2 3 -1 2
2 4 0 2
2 4 4 2
2 4 1 2
2 3 2 2
3 4 3 2
3 4 0 2
3 4 1 2
4 4 0 2

1 2 -1 2
1 3 4 2
1 2 -1 2
1 3 3 2
2 3 3 2
2 3 -1 2
2 4 0 2
2 4 4 2
2 4 2 2
2 3 3 2
3 4 2 2
3 4 0 2
3 4 2 2
4 4 0 2

1 2 -1 2
1 3 4 2
1 2 -1 2
1 3 4 2
2 3 2 2
2 3 -1 2
2 4 0 2
2 4 4 2
2 4 3 2
2 3 4 2
3 4 1 2
3 4 0 2
3 4 3 2
4 4 0 2

1 2 -1 2
1 3 4 2
1 2 -1 2
1 3 5 2
2 3 1 2
2 3 -1 2
2 4 0 2
2 4 4 2
2 4 4 2
2 3 5 2
3 4 0 2
3 4 0 2
3 4 4 2
4 4 0 2

1 2 -1 5
1 3 4 5
1 3 -1 5
1 4 1 5
2 3 4 5
2 3 -1 5
2 4 0 5
2 4 3 5
2 4 1 5
2 4 1 5
3 4 3 5
3 4 0 5
3 4 1 5
4 4 0 5

1 2 -1 5
1 3 4 5
1 3 -1 5
1 4 1 5
2 3 4 5
2 3 -1 5
2 4 0 5
2 4 4 5
2 4 1 5
2 4 1 5
3 4 3 5
3 4 0 5
3 4 1 5
4 4 0 5

1 2 -1 5
1 3 4 5
1 3 -1 5
1 4 2 5
2 3 3 5
2 3 -1 5
2 4 0 5
2 4 4 5
2 4 2 5
2 4 2 5
3 4 2 5
3 4 0 5
3 4 2 5
4 4 0 5

1 2 -1 5
1 3 4 5
1 3 -1 5
1 4 3 5
2 3 2 5
2 3 -1 5
2 4 0 5
2 4 4 5
2 4 3 5
2 4 3 5
3 4 1 5
3 4 0 5
3 4 3 5
4 4 0 5

1 2 -1 5
1 3 4 5
1 3 -1 5
1 4 4 5
2 3 1 5
2 3 -1 5
2 4 0 5
2 4 4 5
2 4 4 5
2 4 4 5
3 4 0 5
3 4 0 5
3 4 4 5
4 4 0 5

1 2 -1 2
1 3 5 2
1 2 -1 2
1 3 1 2
2 3 5 2
2 3 -1 2
2 4 0 2
2 4 4 2
2 4 0 2
2 3 1 2
3 4 4 2
3 4 0 2
3 4 0 2
4 4 0 2

1 2 -1 5
1 3 5 5
1 3 -1 5
1 4 0 5
2 3 5 5
2 3 -1 5
2 4 0 5
2 4 4 5
2 4 0 5
2 4 0 5
3 4 4 5
3 4 0 5
3 4 0 5
4 4 0 5

1 2 2 0
1 2 -1 0
1 2 -1 0
1 2 -1 0
2 3 1 0
2 3 1 0
2 4 0 0
2 4 4 0
2 3 -1 0
2 3 -1 0
3 4 0 0
3 4 0 0
3 4 4 0
4 4 0 0

1 2 2 1
1 2 -1 1
1 3 4 1
1 3 -1 1
2 3 1 1
2 3 1 1
2 4 0 1
2 4 4 1
2 3 -1 1
2 4 4 1
3 4 0 1
3 4 0 1
3 4 4 1
4 4 0 1

1 2 2 2
1 3 4 2
1 2 -1 2
1 3 -1 2
2 3 1 2
2 3 1 2
2 4 0 2
2 4 4 2
2 4 4 2
2 3 -1 2
3 4 0 2
3 4 0 2
3 4 4 2
4 4 0 2

1 2 2 5
1 3 4 5
1 3 4 5
1 4 4 5
2 3 1 5
2 3 1 5
2 4 0 5
2 4 4 5
2 4 4 5
2 4 4 5
3 4 0 5
3 4 0 5
3 4 4 5
4 4 0 5

1 2 3 0
1 2 -1 0
1 2 -1 0
1 2 -1 0
2 3 2 0
2 3 2 0
2 4 0 0
2 4 3 0
2 3 -1 0
2 3 -1 0
3 4 1 0
3 4 0 0
3 4 3 0
4 4 0 0

1 2 3 1
1 2 -1 1
1 3 3 1
1 3 -1 1
2 3 2 1
2 3 2 1
2 4 0 1
2 4 3 1
2 3 -1 1
2 4 3 1
3 4 1 1
3 4 0 1
3 4 3 1
4 4 0 1

1 2 3 1
1 2 -1 1
1 3 4 1
1 3 -1 1
2 3 2 1
2 3 2 1
2 4 0 1
2 4 3 1
2 3 -1 1
2 4 3 1
3 4 1 1
3 4 0 1
3 4 3 1
4 4 0 1

1 2 3 2
1 3 3 2
1 2 -1 2
1 3 -1 2
2 3 2 2
2 3 2 2
2 4 0 2
2 4 3 2
2 4 3 2
2 3 -1 2
3 4 1 2
3 4 0 2
3 4 3 2
4 4 0 2

1 2 3 5
1 3 3 5
1 3 3 5
1 4 3 5
2 3 2 5
2 3 2 5
2 4 0 5
2 4 3 5
2 4 3 5
2 4 3 5
3 4 1 5
3 4 0 5
3 4 3 5
4 4 0 5

1 2 3 5
1 3 3 5
1 3 4 5
1 4 3 5
2 3 2 5
2 3 2 5
2 4 0 5
2 4 3 5
2 4 3 5
2 4 3 5
3 4 1 5
3 4 0 5
3 4 3 5
4 4 0 5

1 2 3 2
1 3 4 2
1 2 -1 2
1 3 -1 2
2 3 2 2
2 3 2 2
2 4 0 2
2 4 3 2
2 4 3 2
2 3 -1 2
3 4 1 2
3 4 0 2
3 4 3 2
4 4 0 2

1 2 3 5
1 3 4 5
1 3 3 5
1 4 3 5
2 3 2 5
2 3 2 5
2 4 0 5
2 4 3 5
2 4 3 5
2 4 3 5
3 4 1 5
3 4 0 5
3 4 3 5
4 4 0 5

1 2 4 0
1 2 -1 0
1 2 -1 0
1 2 -1 0
2 3 3 0
2 3 3 0
2 4 0 0
2 4 2 0
2 3 -1 0
2 3 -1 0
3 4 2 0
3 4 0 0
3 4 2 0
4 4 0 0

1 2 4 0
1 2 -1 0
1 2 -1 0
1 2 -1 0
2 3 3 0
2 3 3 0
2 4 0 0
2 4 3 0
2 3 -1 0
2 3 -1 0
3 4 2 0
3 4 0 0
3 4 2 0
4 4 0 0

1 2 4 1
1 2 -1 1
1 3 3 1
1 3 -1 1
2 3 3 1
2 3 3 1
2 4 0 1
2 4 2 1
2 3 -1 1
2 4 2 1
3 4 2 1
3 4 0 1
3 4 2 1
4 4 0 1

1 2 4 1
1 2 -1 1
1 3 3 1
1 3 -1 1
2 3 3 1
2 3 3 1
2 4 0 1
2 4 3 1
2 3 -1 1
2 4 2 1
3 4 2 1
3 4 0 1
3 4 2 1
4 4 0 1

1 2 4 1
1 2 -1 1
1 3 4 1
1 3 -1 1
2 3 3 1
2 3 3 1
2 4 0 1
2 4 3 1
2 3 -1 1
2 4 2 1
3 4 2 1
3 4 0 1
3 4 2 1
4 4 0 1

1 2 4 2
1 3 3 2
1 2 -1 2
1 3 -1 2
2 3 3 2
2 3 3 2
2 4 0 2
2 4 2 2
2 4 2 2
2 3 -1 2
3 4 2 2
3 4 0 2
3 4 2 2
4 4 0 2

1 2 4 2
1 3 3 2
1 2 -1 2
1 3 -1 2
2 3 3 2
2 3 3 2
2 4 0 2
2 4 3 2
2 4 2 2
2 3 -1 2
3 4 2 2
3 4 0 2
3 4 2 2
4 4 0 2

1 2 4 5
1 3 3 5
1 3 3 5
1 4 2 5
2 3 3 5
2 3 3 5
2 4 0 5
2 4 2 5
2 4 2 5
2 4 2 5
3 4 2 5
3 4 0 5
3 4 2 5
4 4 0 5

1 2 4 5
1 3 3 5
1 3 4 5
1 4 2 5
2 3 3 5
2 3 3 5
2 4 0 5
2 4 3 5
2 4 2 5
2 4 2 5
3 4 2 5
3 4 0 5
3 4 2 5
4 4 0 5

1 2 4 2
1 3 4 2
1 2 -1 2
1 3 -1 2
2 3 3 2
2 3 3 2
2 4 0 2
2 4 3 2
2 4 2 2
2 3 -1 2
3 4 2 2
3 4 0 2
3 4 2 2
4 4 0 2

1 2 4 5
1 3 4 5
1 3 3 5
1 4 2 5
2 3 3 5
2 3 3 5
2 4 0 5
2 4 3 5
2 4 2 5
2 4 2 5
3 4 2 5
3 4 0 5
3 4 2 5
4 4 0 5

1 2 5 0
1 2 -1 0
1 2 -1 0
1 2 -1 0
2 3 4 0
2 3 4 0
2 4 0 0
2 4 3 0
2 3 -1 0
2 3 -1 0
3 4 3 0
3 4 0 0
3 4 1 0
4 4 0 0

1 2 5 1
1 2 -1 1
1 3 4 1
1 3 -1 1
2 3 4 1
2 3 4 1
2 4 0 1
2 4 3 1
2 3 -1 1
2 4 1 1
3 4 3 1
3 4 0 1
3 4 1 1
4 4 0 1

1 2 5 2
1 3 4 2
1 2 -1 2
1 3 -1 2
2 3 4 2
2 3 4 2
2 4 0 2
2 4 3 2
2 4 1 2
2 3 -1 2
3 4 3 2
3 4 0 2
3 4 1 2
4 4 0 2

1 2 5 5
1 3 4 5
1 3 4 5
1 4 1 5
2 3 4 5
2 3 4 5
2 4 0 5
2 4 3 5
2 4 1 5
2 4 1 5
3 4 3 5
3 4 0 5
3 4 1 5
4 4 0 5

1 3 -1 3
1 2 -1 3
1 3 -1 3
1 2 -1 3
2 3 -1 3
2 4 0 3
2 4 0 3
2 4 4 3
2 3 5 3
2 3 -1 3
3 4 0 3
3 4 0 3
3 4 4 3
4 4 0 3

1 3 -1 3
1 2 -1 3
1 3 -1 3
1 2 -1 3
2 3 -1 3
2 4 1 3
2 4 0 3
2 4 3 3
2 3 4 3
2 3 -1 3
3 4 1 3
3 4 0 3
3 4 3 3
4 4 0 3

1 3 -1 3
1 2 -1 3
1 3 -1 3
1 2 -1 3
2 3 -1 3
2 4 1 3
2 4 0 3
2 4 4 3
2 3 4 3
2 3 -1 3
3 4 1 3
3 4 0 3
3 4 3 3
4 4 0 3

1 3 -1 3
1 2 -1 3
1 3 -1 3
1 2 -1 3
2 3 -1 3
2 4 2 3
2 4 0 3
2 4 2 3
2 3 3 3
2 3 -1 3
3 4 2 3
3 4 0 3
3 4 2 3
4 4 0 3

1 3 -1 3
1 2 -1 3
1 3 -1 3
1 2 -1 3
2 3 -1 3
2 4 2 3
2 4 0 3
2 4 3 3
2 3 3 3
2 3 -1 3
3 4 2 3
3 4 0 3
3 4 2 3
4 4 0 3

1 3 -1 3
1 2 -1 3
1 3 -1 3
1 2 -1 3
2 3 -1 3
2 4 2 3
2 4 0 3
2 4 4 3
2 3 3 3
2 3 -1 3
3 4 2 3
3 4 0 3
3 4 2 3
4 4 0 3

1 3 -1 3
1 2 -1 3
1 3 -1 3
1 2 -1 3
2 3 -1 3
2 4 3 3
2 4 0 3
2 4 3 3
2 3 2 3
2 3 -1 3
3 4 3 3
3 4 0 3
3 4 1 3
4 4 0 3

1 3 -1 3
1 2 -1 3
1 3 -1 3
1 2 -1 3
2 3 -1 3
2 4 3 3
2 4 0 3
2 4 4 3
2 3 2 3
2 3 -1 3
3 4 3 3
3 4 0 3
3 4 1 3
4 4 0 3

1 3 -1 3
1 2 -1 3
1 3 -1 3
1 2 -1 3
2 3 -1 3
2 4 4 3
2 4 0 3
2 4 4 3
2 3 1 3
2 3 -1 3
3 4 4 3
3 4 0 3
3 4 0 3
4 4 0 3

1 3 -1 3
1 2 -1 3
1 3 3 3
1 2 3 3
2 3 -1 3
2 4 3 3
2 4 0 3
2 4 3 3
2 3 2 3
2 3 2 3
3 4 3 3
3 4 0 3
3 4 1 3
4 4 0 3

1 3 -1 3
1 2 -1 3
1 3 3 3
1 2 4 3
2 3 -1 3
2 4 2 3
2 4 0 3
2 4 2 3
2 3 3 3
2 3 3 3
3 4 2 3
3 4 0 3
3 4 2 3
4 4 0 3

1 3 -1 3
1 2 -1 3
1 3 3 3
1 2 4 3
2 3 -1 3
2 4 2 3
2 4 0 3
2 4 3 3
2 3 3 3
2 3 3 3
3 4 2 3
3 4 0 3
3 4 2 3
4 4 0 3

1 3 -1 3
1 2 -1 3
1 3 4 3
1 2 2 3
2 3 -1 3
2 4 4 3
2 4 0 3
2 4 4 3
2 3 1 3
2 3 1 3
3 4 4 3
3 4 0 3
3 4 0 3
4 4 0 3

1 3 -1 3
1 2 -1 3
1 3 4 3
1 2 3 3
2 3 -1 3
2 4 3 3
2 4 0 3
2 4 3 3
2 3 2 3
2 3 2 3
3 4 3 3
3 4 0 3
3 4 1 3
4 4 0 3

1 3 -1 3
1 2 -1 3
1 3 4 3
1 2 4 3
2 3 -1 3
2 4 2 3
2 4 0 3
2 4 3 3
2 3 3 3
2 3 3 3
3 4 2 3
3 4 0 3
3 4 2 3
4 4 0 3

1 3 -1 3
1 2 -1 3
1 3 4 3
1 2 5 3
2 3 -1 3
2 4 1 3
2 4 0 3
2 4 3 3
2 3 4 3
2 3 4 3
3 4 1 3
3 4 0 3
3 4 3 3
4 4 0 3

1 3 -1 6
1 2 -1 6
1 4 2 6
1 3 3 6
2 3 -1 6
2 4 2 6
2 4 0 6
2 4 2 6
2 3 3 6
2 4 2 6
3 4 2 6
3 4 0 6
3 4 2 6
4 4 0 6

1 3 -1 6
1 2 -1 6
1 4 3 6
1 3 2 6
2 3 -1 6
2 4 3 6
2 4 0 6
2 4 3 6
2 3 2 6
2 4 1 6
3 4 3 6
3 4 0 6
3 4 1 6
4 4 0 6

1 3 -1 6
1 2 -1 6
1 4 3 6
1 3 3 6
2 3 -1 6
2 4 2 6
2 4 0 6
2 4 3 6
2 3 3 6
2 4 2 6
3 4 2 6
3 4 0 6
3 4 2 6
4 4 0 6

1 3 -1 6
1 2 -1 6
1 4 3 6
1 3 4 6
2 3 -1 6
2 4 1 6
2 4 0 6
2 4 3 6
2 3 4 6
2 4 3 6
3 4 1 6
3 4 0 6
3 4 3 6
4 4 0 6

1 3 -1 6
1 2 -1 6
1 4 4 6
1 3 1 6
2 3 -1 6
2 4 4 6
2 4 0 6
2 4 4 6
2 3 1 6
2 4 0 6
3 4 4 6
3 4 0 6
3 4 0 6
4 4 0 6

1 3 -1 6
1 2 -1 6
1 4 4 6
1 3 2 6
2 3 -1 6
2 4 3 6
2 4 0 6
2 4 4 6
2 3 2 6
2 4 1 6
3 4 3 6
3 4 0 6
3 4 1 6
4 4 0 6

1 3 -1 6
1 2 -1 6
1 4 4 6
1 3 3 6
2 3 -1 6
2 4 2 6
2 4 0 6
2 4 4 6
2 3 3 6
2 4 2 6
3 4 2 6
3 4 0 6
3 4 2 6
4 4 0 6

1 3 -1 6
1 2 -1 6
1 4 4 6
1 3 4 6
2 3 -1 6
2 4 1 6
2 4 0 6
2 4 4 6
2 3 4 6
2 4 3 6
3 4 1 6
3 4 0 6
3 4 3 6
4 4 0 6

1 3 -1 6
1 2 -1 6
1 4 4 6
1 3 5 6
2 3 -1 6
2 4 0 6
2 4 0 6
2 4 4 6
2 3 5 6
2 4 4 6
3 4 0 6
3 4 0 6
3 4 4 6
4 4 0 6

1 3 -1 4
1 3 -1 4
1 2 -1 4
1 2 -1 4
2 4 0 4
2 3 -1 4
2 4 0 4
2 4 4 4
2 3 -1 4
2 3 5 4
3 4 0 4
3 4 0 4
3 4 4 4
4 4 0 4

1 3 -1 4
1 3 -1 4
1 2 -1 4
1 2 -1 4
2 4 1 4
2 3 -1 4
2 4 0 4
2 4 3 4
2 3 -1 4
2 3 4 4
3 4 1 4
3 4 0 4
3 4 3 4
4 4 0 4

1 3 -1 4
1 3 -1 4
1 2 -1 4
1 2 -1 4
2 4 1 4
2 3 -1 4
2 4 0 4
2 4 4 4
2 3 -1 4
2 3 4 4
3 4 1 4
3 4 0 4
3 4 3 4
4 4 0 4

1 3 -1 4
1 3 -1 4
1 2 -1 4
1 2 -1 4
2 4 2 4
2 3 -1 4
2 4 0 4
2 4 2 4
2 3 -1 4
2 3 3 4
3 4 2 4
3 4 0 4
3 4 2 4
4 4 0 4

1 3 -1 4
1 3 -1 4
1 2 -1 4
1 2 -1 4
2 4 2 4
2 3 -1 4
2 4 0 4
2 4 3 4
2 3 -1 4
2 3 3 4
3 4 2 4
3 4 0 4
3 4 2 4
4 4 0 4

1 3 -1 4
1 3 -1 4
1 2 -1 4
1 2 -1 4
2 4 2 4
2 3 -1 4
2 4 0 4
2 4 4 4
2 3 -1 4
2 3 3 4
3 4 2 4
3 4 0 4
3 4 2 4
4 4 0 4

1 3 -1 4
1 3 -1 4
1 2 -1 4
1 2 -1 4
2 4 3 4
2 3 -1 4
2 4 0 4
2 4 3 4
2 3 -1 4
2 3 2 4
3 4 3 4
3 4 0 4
3 4 1 4
4 4 0 4

1 3 -1 4
1 3 -1 4
1 2 -1 4
1 2 -1 4
2 4 3 4
2 3 -1 4
2 4 0 4
2 4 4 4
2 3 -1 4
2 3 2 4
3 4 3 4
3 4 0 4
3 4 1 4
4 4 0 4

1 3 -1 4
1 3 -1 4
1 2 -1 4
1 2 -1 4
2 4 4 4
2 3 -1 4
2 4 0 4
2 4 4 4
2 3 -1 4
2 3 1 4
3 4 4 4
3 4 0 4
3 4 0 4
4 4 0 4

1 3 -1 8
1 3 -1 8
1 3 -1 8
1 3 -1 8
2 3 -1 8
2 4 0 8
2 4 0 8
2 4 4 8
2 4 4 8
2 3 -1 8
3 4 0 8
3 4 0 8
3 4 4 8
4 4 0 8

1 3 -1 8
1 3 -1 8
1 3 -1 8
1 3 -1 8
2 3 -1 8
2 4 1 8
2 4 0 8
2 4 3 8
2 4 3 8
2 3 -1 8
3 4 1 8
3 4 0 8
3 4 3 8
4 4 0 8

1 3 -1 8
1 3 -1 8
1 3 -1 8
1 3 -1 8
2 3 -1 8
2 4 1 8
2 4 0 8
2 4 4 8
2 4 3 8
2 3 -1 8
3 4 1 8
3 4 0 8
3 4 3 8
4 4 0 8

1 3 -1 8
1 3 -1 8
1 3 -1 8
1 3 -1 8
2 3 -1 8
2 4 2 8
2 4 0 8
2 4 2 8
2 4 2 8
2 3 -1 8
3 4 2 8
3 4 0 8
3 4 2 8
4 4 0 8

1 3 -1 8
1 3 -1 8
1 3 -1 8
1 3 -1 8
2 3 -1 8
2 4 2 8
2 4 0 8
2 4 3 8
2 4 2 8
2 3 -1 8
3 4 2 8
3 4 0 8
3 4 2 8
4 4 0 8

1 3 -1 8
1 3 -1 8
1 3 -1 8
1 3 -1 8
2 3 -1 8
2 4 2 8
2 4 0 8
2 4 4 8
2 4 2 8
2 3 -1 8
3 4 2 8
3 4 0 8
3 4 2 8
4 4 0 8

1 3 -1 8
1 3 -1 8
1 3 -1 8
1 3 -1 8
2 3 -1 8
2 4 3 8
2 4 0 8
2 4 3 8
2 4 1 8
2 3 -1 8
3 4 3 8
3 4 0 8
3 4 1 8
4 4 0 8

1 3 -1 8
1 3 -1 8
1 3 -1 8
1 3 -1 8
2 3 -1 8
2 4 3 8
2 4 0 8
2 4 4 8
2 4 1 8
2 3 -1 8
3 4 3 8
3 4 0 8
3 4 1 8
4 4 0 8

1 3 -1 8
1 3 -1 8
1 3 -1 8
1 3 -1 8
2 3 -1 8
2 4 4 8
2 4 0 8
2 4 4 8
2 4 0 8
2 3 -1 8
3 4 4 8
3 4 0 8
3 4 0 8
4 4 0 8

1 3 -1 7
1 3 -1 7
1 3 -1 7
1 3 -1 7
2 4 0 7
2 3 -1 7
2 4 0 7
2 4 4 7
2 3 -1 7
2 4 4 7
3 4 0 7
3 4 0 7
3 4 4 7
4 4 0 7

1 3 -1 7
1 3 -1 7
1 3 -1 7
1 3 -1 7
2 4 1 7
2 3 -1 7
2 4 0 7
2 4 3 7
2 3 -1 7
2 4 3 7
3 4 1 7
3 4 0 7
3 4 3 7
4 4 0 7

1 3 -1 7
1 3 -1 7
1 3 -1 7
1 3 -1 7
2 4 1 7
2 3 -1 7
2 4 0 7
2 4 4 7
2 3 -1 7
2 4 3 7
3 4 1 7
3 4 0 7
3 4 3 7
4 4 0 7

1 3 -1 7
1 3 -1 7
1 3 -1 7
1 3 -1 7
2 4 2 7
2 3 -1 7
2 4 0 7
2 4 2 7
2 3 -1 7
2 4 2 7
3 4 2 7
3 4 0 7
3 4 2 7
4 4 0 7

1 3 -1 7
1 3 -1 7
1 3 -1 7
1 3 -1 7
2 4 2 7
2 3 -1 7
2 4 0 7
2 4 3 7
2 3 -1 7
2 4 2 7
3 4 2 7
3 4 0 7
3 4 2 7
4 4 0 7

1 3 -1 7
1 3 -1 7
1 3 -1 7
1 3 -1 7
2 4 2 7
2 3 -1 7
2 4 0 7
2 4 4 7
2 3 -1 7
2 4 2 7
3 4 2 7
3 4 0 7
3 4 2 7
4 4 0 7

1 3 -1 7
1 3 -1 7
1 3 -1 7
1 3 -1 7
2 4 3 7
2 3 -1 7
2 4 0 7
2 4 3 7
2 3 -1 7
2 4 1 7
3 4 3 7
3 4 0 7
3 4 1 7
4 4 0 7

1 3 -1 7
1 3 -1 7
1 3 -1 7
1 3 -1 7
2 4 3 7
2 3 -1 7
2 4 0 7
2 4 4 7
2 3 -1 7
2 4 1 7
3 4 3 7
3 4 0 7
3 4 1 7
4 4 0 7

1 3 -1 7
1 3 -1 7
1 3 -1 7
1 3 -1 7
2 4 4 7
2 3 -1 7
2 4 0 7
2 4 4 7
2 3 -1 7
2 4 0 7
3 4 4 7
3 4 0 7
3 4 0 7
4 4 0 7

1 3 -1 8
1 3 -1 8
1 3 3 8
1 3 2 8
2 3 -1 8
2 4 3 8
2 4 0 8
2 4 3 8
2 4 1 8
2 3 2 8
3 4 3 8
3 4 0 8
3 4 1 8
4 4 0 8

1 3 -1 8
1 3 -1 8
1 3 3 8
1 3 3 8
2 3 -1 8
2 4 2 8
2 4 0 8
2 4 2 8
2 4 2 8
2 3 3 8
3 4 2 8
3 4 0 8
3 4 2 8
4 4 0 8

1 3 -1 8
1 3 -1 8
1 3 3 8
1 3 3 8
2 3 -1 8
2 4 2 8
2 4 0 8
2 4 3 8
2 4 2 8
2 3 3 8
3 4 2 8
3 4 0 8
3 4 2 8
4 4 0 8

1 3 -1 8
1 3 -1 8
1 3 4 8
1 3 1 8
2 3 -1 8
2 4 4 8
2 4 0 8
2 4 4 8
2 4 0 8
2 3 1 8
3 4 4 8
3 4 0 8
3 4 0 8
4 4 0 8

1 3 -1 8
1 3 -1 8
1 3 4 8
1 3 2 8
2 3 -1 8
2 4 3 8
2 4 0 8
2 4 3 8
2 4 1 8
2 3 2 8
3 4 3 8
3 4 0 8
3 4 1 8
4 4 0 8

1 3 -1 8
1 3 -1 8
1 3 4 8
1 3 3 8
2 3 -1 8
2 4 2 8
2 4 0 8
2 4 3 8
2 4 2 8
2 3 3 8
3 4 2 8
3 4 0 8
3 4 2 8
4 4 0 8

1 3 -1 8
1 3 -1 8
1 3 4 8
1 3 4 8
2 3 -1 8
2 4 1 8
2 4 0 8
2 4 3 8
2 4 3 8
2 3 4 8
3 4 1 8
3 4 0 8
3 4 3 8
4 4 0 8

1 3 -1 11
1 3 -1 11
1 4 2 11
1 4 2 11
2 3 -1 11
2 4 2 11
2 4 0 11
2 4 2 11
2 4 2 11
2 4 2 11
3 4 2 11
3 4 0 11
3 4 2 11
4 4 0 11

1 3 -1 11
1 3 -1 11
1 4 3 11
1 4 1 11
2 3 -1 11
2 4 3 11
2 4 0 11
2 4 3 11
2 4 1 11
2 4 1 11
3 4 3 11
3 4 0 11
3 4 1 11
4 4 0 11

1 3 -1 11
1 3 -1 11
1 4 3 11
1 4 2 11
2 3 -1 11
2 4 2 11
2 4 0 11
2 4 3 11
2 4 2 11
2 4 2 11
3 4 2 11
3 4 0 11
3 4 2 11
4 4 0 11

1 3 -1 11
1 3 -1 11
1 4 3 11
1 4 3 11
2 3 -1 11
2 4 1 11
2 4 0 11
2 4 3 11
2 4 3 11
2 4 3 11
3 4 1 11
3 4 0 11
3 4 3 11
4 4 0 11

1 3 -1 11
1 3 -1 11
1 4 4 11
1 4 0 11
2 3 -1 11
2 4 4 11
2 4 0 11
2 4 4 11
2 4 0 11
2 4 0 11
3 4 4 11
3 4 0 11
3 4 0 11
4 4 0 11

1 3 -1 11
1 3 -1 11
1 4 4 11
1 4 1 11
2 3 -1 11
2 4 3 11
2 4 0 11
2 4 4 11
2 4 1 11
2 4 1 11
3 4 3 11
3 4 0 11
3 4 1 11
4 4 0 11

1 3 -1 11
1 3 -1 11
1 4 4 11
1 4 2 11
2 3 -1 11
2 4 2 11
2 4 0 11
2 4 4 11
2 4 2 11
2 4 2 11
3 4 2 11
3 4 0 11
3 4 2 11
4 4 0 11

1 3 -1 11
1 3 -1 11
1 4 4 11
1 4 3 11
2 3 -1 11
2 4 1 11
2 4 0 11
2 4 4 11
2 4 3 11
2 4 3 11
3 4 1 11
3 4 0 11
3 4 3 11
4 4 0 11

1 3 -1 11
1 3 -1 11
1 4 4 11
1 4 4 11
2 3 -1 11
2 4 0 11
2 4 0 11
2 4 4 11
2 4 4 11
2 4 4 11
3 4 0 11
3 4 0 11
3 4 4 11
4 4 0 11

1 3 -1 4
1 3 3 4
1 2 -1 4
1 2 3 4
2 4 3 4
2 3 -1 4
2 4 0 4
2 4 3 4
2 3 2 4
2 3 2 4
3 4 3 4
3 4 0 4
3 4 1 4
4 4 0 4

1 3 -1 4
1 3 3 4
1 2 -1 4
1 2 4 4
2 4 2 4
2 3 -1 4
2 4 0 4
2 4 2 4
2 3 3 4
2 3 3 4
3 4 2 4
3 4 0 4
3 4 2 4
4 4 0 4

1 3 -1 4
1 3 3 4
1 2 -1 4
1 2 4 4
2 4 2 4
2 3 -1 4
2 4 0 4
2 4 3 4
2 3 3 4
2 3 3 4
3 4 2 4
3 4 0 4
3 4 2 4
4 4 0 4

1 3 -1 7
1 3 3 7
1 3 -1 7
1 3 2 7
2 4 3 7
2 3 -1 7
2 4 0 7
2 4 3 7
2 3 2 7
2 4 1 7
3 4 3 7
3 4 0 7
3 4 1 7
4 4 0 7

1 3 -1 7
1 3 3 7
1 3 -1 7
1 3 3 7
2 4 2 7
2 3 -1 7
2 4 0 7
2 4 2 7
2 3 3 7
2 4 2 7
3 4 2 7
3 4 0 7
3 4 2 7
4 4 0 7

1 3 -1 7
1 3 3 7
1 3 -1 7
1 3 3 7
2 4 2 7
2 3 -1 7
2 4 0 7
2 4 3 7
2 3 3 7
2 4 2 7
3 4 2 7
3 4 0 7
3 4 2 7
4 4 0 7

1 3 -1 4
1 3 4 4
1 2 -1 4
1 2 2 4
2 4 4 4
2 3 -1 4
2 4 0 4
2 4 4 4
2 3 1 4
2 3 1 4
3 4 4 4
3 4 0 4
3 4 0 4
4 4 0 4

1 3 -1 4
1 3 4 4
1 2 -1 4
1 2 3 4
2 4 3 4
2 3 -1 4
2 4 0 4
2 4 3 4
2 3 2 4
2 3 2 4
3 4 3 4
3 4 0 4
3 4 1 4
4 4 0 4

1 3 -1 4
1 3 4 4
1 2 -1 4
1 2 4 4
2 4 2 4
2 3 -1 4
2 4 0 4
2 4 3 4
2 3 3 4
2 3 3 4
3 4 2 4
3 4 0 4
3 4 2 4
4 4 0 4

1 3 -1 4
1 3 4 4
1 2 -1 4
1 2 5 4
2 4 1 4
2 3 -1 4
2 4 0 4
2 4 3 4
2 3 4 4
2 3 4 4
3 4 1 4
3 4 0 4
3 4 3 4
4 4 0 4

1 3 -1 7
1 3 4 7
1 3 -1 7
1 3 1 7
2 4 4 7
2 3 -1 7
2 4 0 7
2 4 4 7
2 3 1 7
2 4 0 7
3 4 4 7
3 4 0 7
3 4 0 7
4 4 0 7

1 3 -1 7
1 3 4 7
1 3 -1 7
1 3 2 7
2 4 3 7
2 3 -1 7
2 4 0 7
2 4 3 7
2 3 2 7
2 4 1 7
3 4 3 7
3 4 0 7
3 4 1 7
4 4 0 7

1 3 -1 7
1 3 4 7
1 3 -1 7
1 3 3 7
2 4 2 7
2 3 -1 7
2 4 0 7
2 4 3 7
2 3 3 7
2 4 2 7
3 4 2 7
3 4 0 7
3 4 2 7
4 4 0 7

1 3 -1 7
1 3 4 7
1 3 -1 7
1 3 4 7
2 4 1 7
2 3 -1 7
2 4 0 7
2 4 3 7
2 3 4 7
2 4 3 7
3 4 1 7
3 4 0 7
3 4 3 7
4 4 0 7

1 3 -1 9
1 4 2 9
1 2 -1 9
1 3 3 9
2 4 2 9
2 3 -1 9
2 4 0 9
2 4 2 9
2 4 2 9
2 3 3 9
3 4 2 9
3 4 0 9
3 4 2 9
4 4 0 9

1 3 -1 12
1 4 2 12
1 3 -1 12
1 4 2 12
2 4 2 12
2 3 -1 12
2 4 0 12
2 4 2 12
2 4 2 12
2 4 2 12
3 4 2 12
3 4 0 12
3 4 2 12
4 4 0 12

1 3 -1 9
1 4 3 9
1 2 -1 9
1 3 2 9
2 4 3 9
2 3 -1 9
2 4 0 9
2 4 3 9
2 4 1 9
2 3 2 9
3 4 3 9
3 4 0 9
3 4 1 9
4 4 0 9

1 3 -1 9
1 4 3 9
1 2 -1 9
1 3 3 9
2 4 2 9
2 3 -1 9
2 4 0 9
2 4 3 9
2 4 2 9
2 3 3 9
3 4 2 9
3 4 0 9
3 4 2 9
4 4 0 9

1 3 -1 9
1 4 3 9
1 2 -1 9
1 3 4 9
2 4 1 9
2 3 -1 9
2 4 0 9
2 4 3 9
2 4 3 9
2 3 4 9
3 4 1 9
3 4 0 9
3 4 3 9
4 4 0 9

1 3 -1 12
1 4 3 12
1 3 -1 12
1 4 1 12
2 4 3 12
2 3 -1 12
2 4 0 12
2 4 3 12
2 4 1 12
2 4 1 12
3 4 3 12
3 4 0 12
3 4 1 12
4 4 0 12

1 3 -1 12
1 4 3 12
1 3 -1 12
1 4 2 12
2 4 2 12
2 3 -1 12
2 4 0 12
2 4 3 12
2 4 2 12
2 4 2 12
3 4 2 12
3 4 0 12
3 4 2 12
4 4 0 12

1 3 -1 12
1 4 3 12
1 3 -1 12
1 4 3 12
2 4 1 12
2 3 -1 12
2 4 0 12
2 4 3 12
2 4 3 12
2 4 3 12
3 4 1 12
3 4 0 12
3 4 3 12
4 4 0 12

1 3 -1 9
1 4 4 9
1 2 -1 9
1 3 1 9
2 4 4 9
2 3 -1 9
2 4 0 9
2 4 4 9
2 4 0 9
2 3 1 9
3 4 4 9
3 4 0 9
3 4 0 9
4 4 0 9

1 3 -1 9
1 4 4 9
1 2 -1 9
1 3 2 9
2 4 3 9
2 3 -1 9
2 4 0 9
2 4 4 9
2 4 1 9
2 3 2 9
3 4 3 9
3 4 0 9
3 4 1 9
4 4 0 9

1 3 -1 9
1 4 4 9
1 2 -1 9
1 3 3 9
2 4 2 9
2 3 -1 9
2 4 0 9
2 4 4 9
2 4 2 9
2 3 3 9
3 4 2 9
3 4 0 9
3 4 2 9
4 4 0 9

1 3 -1 9
1 4 4 9
1 2 -1 9
1 3 4 9
2 4 1 9
2 3 -1 9
2 4 0 9
2 4 4 9
2 4 3 9
2 3 4 9
3 4 1 9
3 4 0 9
3 4 3 9
4 4 0 9

1 3 -1 9
1 4 4 9
1 2 -1 9
1 3 5 9
2 4 0 9
2 3 -1 9
2 4 0 9
2 4 4 9
2 4 4 9
2 3 5 9
3 4 0 9
3 4 0 9
3 4 4 9
4 4 0 9

1 3 -1 12
1 4 4 12
1 3 -1 12
1 4 0 12
2 4 4 12
2 3 -1 12
2 4 0 12
2 4 4 12
2 4 0 12
2 4 0 12
3 4 4 12
3 4 0 12
3 4 0 12
4 4 0 12

1 3 -1 12
1 4 4 12
1 3 -1 12
1 4 1 12
2 4 3 12
2 3 -1 12
2 4 0 12
2 4 4 12
2 4 1 12
2 4 1 12
3 4 3 12
3 4 0 12
3 4 1 12
4 4 0 12

1 3 -1 12
1 4 4 12
1 3 -1 12
1 4 2 12
2 4 2 12
2 3 -1 12
2 4 0 12
2 4 4 12
2 4 2 12
2 4 2 12
3 4 2 12
3 4 0 12
3 4 2 12
4 4 0 12

1 3 -1 12
1 4 4 12
1 3 -1 12
1 4 3 12
2 4 1 12
2 3 -1 12
2 4 0 12
2 4 4 12
2 4 3 12
2 4 3 12
3 4 1 12
3 4 0 12
3 4 3 12
4 4 0 12

1 3 -1 12
1 4 4 12
1 3 -1 12
1 4 4 12
2 4 0 12
2 3 -1 12
2 4 0 12
2 4 4 12
2 4 4 12
2 4 4 12
3 4 0 12
3 4 0 12
3 4 4 12
4 4 0 12

1 3 1 3
1 2 -1 3
1 3 -1 3
1 2 -1 3
2 3 1 3
2 4 0 3
2 4 0 3
2 4 4 3
2 3 -1 3
2 3 -1 3
3 4 0 3
3 4 0 3
3 4 4 3
4 4 0 3

1 3 1 3
1 2 -1 3
1 3 5 3
1 2 -1 3
2 3 1 3
2 4 0 3
2 4 0 3
2 4 4 3
2 3 -1 3
2 3 5 3
3 4 0 3
3 4 0 3
3 4 4 3
4 4 0 3

1 3 1 6
1 2 -1 6
1 4 4 6
1 3 -1 6
2 3 1 6
2 4 0 6
2 4 0 6
2 4 4 6
2 3 -1 6
2 4 4 6
3 4 0 6
3 4 0 6
3 4 4 6
4 4 0 6

1 3 1 4
1 3 -1 4
1 2 -1 4
1 2 -1 4
2 4 0 4
2 3 1 4
2 4 0 4
2 4 4 4
2 3 -1 4
2 3 -1 4
3 4 0 4
3 4 0 4
3 4 4 4
4 4 0 4

1 3 1 7
1 3 -1 7
1 3 4 7
1 3 -1 7
2 4 0 7
2 3 1 7
2 4 0 7
2 4 4 7
2 3 -1 7
2 4 4 7
3 4 0 7
3 4 0 7
3 4 4 7
4 4 0 7

1 3 1 8
1 3 4 8
1 3 -1 8
1 3 -1 8
2 3 1 8
2 4 0 8
2 4 0 8
2 4 4 8
2 4 4 8
2 3 -1 8
3 4 0 8
3 4 0 8
3 4 4 8
4 4 0 8

1 3 1 8
1 3 4 8
1 3 5 8
1 3 5 8
2 3 1 8
2 4 0 8
2 4 0 8
2 4 4 8
2 4 4 8
2 3 5 8
3 4 0 8
3 4 0 8
3 4 4 8
4 4 0 8

1 3 1 11
1 3 4 11
1 4 4 11
1 4 4 11
2 3 1 11
2 4 0 11
2 4 0 11
2 4 4 11
2 4 4 11
2 4 4 11
3 4 0 11
3 4 0 11
3 4 4 11
4 4 0 11

1 3 1 4
1 3 5 4
1 2 -1 4
1 2 -1 4
2 4 0 4
2 3 1 4
2 4 0 4
2 4 4 4
2 3 5 4
2 3 -1 4
3 4 0 4
3 4 0 4
3 4 4 4
4 4 0 4

1 3 1 7
1 3 5 7
1 3 4 7
1 3 5 7
2 4 0 7
2 3 1 7
2 4 0 7
2 4 4 7
2 3 5 7
2 4 4 7
3 4 0 7
3 4 0 7
3 4 4 7
4 4 0 7

1 3 1 9
1 4 4 9
1 2 -1 9
1 3 -1 9
2 4 0 9
2 3 1 9
2 4 0 9
2 4 4 9
2 4 4 9
2 3 -1 9
3 4 0 9
3 4 0 9
3 4 4 9
4 4 0 9

1 3 1 12
1 4 4 12
1 3 4 12
1 4 4 12
2 4 0 12
2 3 1 12
2 4 0 12
2 4 4 12
2 4 4 12
2 4 4 12
3 4 0 12
3 4 0 12
3 4 4 12
4 4 0 12

1 3 2 3
1 2 -1 3
1 3 -1 3
1 2 -1 3
2 3 2 3
2 4 1 3
2 4 0 3
2 4 3 3
2 3 -1 3
2 3 -1 3
3 4 1 3
3 4 0 3
3 4 3 3
4 4 0 3

1 3 2 3
1 2 -1 3
1 3 4 3
1 2 -1 3
2 3 2 3
2 4 1 3
2 4 0 3
2 4 3 3
2 3 -1 3
2 3 4 3
3 4 1 3
3 4 0 3
3 4 3 3
4 4 0 3

1 3 2 3
1 2 -1 3
1 3 4 3
1 2 -1 3
2 3 2 3
2 4 1 3
2 4 0 3
2 4 4 3
2 3 -1 3
2 3 4 3
3 4 1 3
3 4 0 3
3 4 3 3
4 4 0 3

1 3 2 6
1 2 -1 6
1 4 3 6
1 3 -1 6
2 3 2 6
2 4 1 6
2 4 0 6
2 4 3 6
2 3 -1 6
2 4 3 6
3 4 1 6
3 4 0 6
3 4 3 6
4 4 0 6

1 3 2 6
1 2 -1 6
1 4 4 6
1 3 -1 6
2 3 2 6
2 4 1 6
2 4 0 6
2 4 4 6
2 3 -1 6
2 4 3 6
3 4 1 6
3 4 0 6
3 4 3 6
4 4 0 6

1 3 2 4
1 3 -1 4
1 2 -1 4
1 2 -1 4
2 4 1 4
2 3 2 4
2 4 0 4
2 4 3 4
2 3 -1 4
2 3 -1 4
3 4 1 4
3 4 0 4
3 4 3 4
4 4 0 4

1 3 2 7
1 3 -1 7
1 3 3 7
1 3 -1 7
2 4 1 7
2 3 2 7
2 4 0 7
2 4 3 7
2 3 -1 7
2 4 3 7
3 4 1 7
3 4 0 7
3 4 3 7
4 4 0 7

1 3 2 7
1 3 -1 7
1 3 4 7
1 3 -1 7
2 4 1 7
2 3 2 7
2 4 0 7
2 4 3 7
2 3 -1 7
2 4 3 7
3 4 1 7
3 4 0 7
3 4 3 7
4 4 0 7

1 3 2 8
1 3 3 8
1 3 -1 8
1 3 -1 8
2 3 2 8
2 4 1 8
2 4 0 8
2 4 3 8
2 4 3 8
2 3 -1 8
3 4 1 8
3 4 0 8
3 4 3 8
4 4 0 8

1 3 2 8
1 3 3 8
1 3 4 8
1 3 4 8
2 3 2 8
2 4 1 8
2 4 0 8
2 4 3 8
2 4 3 8
2 3 4 8
3 4 1 8
3 4 0 8
3 4 3 8
4 4 0 8

1 3 2 11
1 3 3 11
1 4 3 11
1 4 3 11
2 3 2 11
2 4 1 11
2 4 0 11
2 4 3 11
2 4 3 11
2 4 3 11
3 4 1 11
3 4 0 11
3 4 3 11
4 4 0 11

1 3 2 4
1 3 4 4
1 2 -1 4
1 2 -1 4
2 4 1 4
2 3 2 4
2 4 0 4
2 4 3 4
2 3 4 4
2 3 -1 4
3 4 1 4
3 4 0 4
3 4 3 4
4 4 0 4

1 3 2 4
1 3 4 4
1 2 -1 4
1 2 -1 4
2 4 1 4
2 3 2 4
2 4 0 4
2 4 4 4
2 3 4 4
2 3 -1 4
3 4 1 4
3 4 0 4
3 4 3 4
4 4 0 4

1 3 2 8
1 3 4 8
1 3 -1 8
1 3 -1 8
2 3 2 8
2 4 1 8
2 4 0 8
2 4 3 8
2 4 3 8
2 3 -1 8
3 4 1 8
3 4 0 8
3 4 3 8
4 4 0 8

1 3 2 7
1 3 4 7
1 3 3 7
1 3 4 7
2 4 1 7
2 3 2 7
2 4 0 7
2 4 3 7
2 3 4 7
2 4 3 7
3 4 1 7
3 4 0 7
3 4 3 7
4 4 0 7

1 3 2 8
1 3 4 8
1 3 4 8
1 3 4 8
2 3 2 8
2 4 1 8
2 4 0 8
2 4 4 8
2 4 3 8
2 3 4 8
3 4 1 8
3 4 0 8
3 4 3 8
4 4 0 8

1 3 2 7
1 3 4 7
1 3 4 7
1 3 4 7
2 4 1 7
2 3 2 7
2 4 0 7
2 4 4 7
2 3 4 7
2 4 3 7
3 4 1 7
3 4 0 7
3 4 3 7
4 4 0 7

1 3 2 11
1 3 4 11
1 4 3 11
1 4 3 11
2 3 2 11
2 4 1 11
2 4 0 11
2 4 3 11
2 4 3 11
2 4 3 11
3 4 1 11
3 4 0 11
3 4 3 11
4 4 0 11

1 3 2 11
1 3 4 11
1 4 4 11
1 4 3 11
2 3 2 11
2 4 1 11
2 4 0 11
2 4 4 11
2 4 3 11
2 4 3 11
3 4 1 11
3 4 0 11
3 4 3 11
4 4 0 11

1 3 2 9
1 4 3 9
1 2 -1 9
1 3 -1 9
2 4 1 9
2 3 2 9
2 4 0 9
2 4 3 9
2 4 3 9
2 3 -1 9
3 4 1 9
3 4 0 9
3 4 3 9
4 4 0 9

1 3 2 12
1 4 3 12
1 3 3 12
1 4 3 12
2 4 1 12
2 3 2 12
2 4 0 12
2 4 3 12
2 4 3 12
2 4 3 12
3 4 1 12
3 4 0 12
3 4 3 12
4 4 0 12

1 3 2 12
1 4 3 12
1 3 4 12
1 4 3 12
2 4 1 12
2 3 2 12
2 4 0 12
2 4 3 12
2 4 3 12
2 4 3 12
3 4 1 12
3 4 0 12
3 4 3 12
4 4 0 12

1 3 2 9
1 4 4 9
1 2 -1 9
1 3 -1 9
2 4 1 9
2 3 2 9
2 4 0 9
2 4 4 9
2 4 3 9
2 3 -1 9
3 4 1 9
3 4 0 9
3 4 3 9
4 4 0 9

1 3 2 12
1 4 4 12
1 3 4 12
1 4 3 12
2 4 1 12
2 3 2 12
2 4 0 12
2 4 4 12
2 4 3 12
2 4 3 12
3 4 1 12
3 4 0 12
3 4 3 12
4 4 0 12

1 3 3 3
1 2 -1 3
1 3 -1 3
1 2 -1 3
2 3 3 3
2 4 2 3
2 4 0 3
2 4 2 3
2 3 -1 3
2 3 -1 3
3 4 2 3
3 4 0 3
3 4 2 3
4 4 0 3

1 3 3 3
1 2 -1 3
1 3 -1 3
1 2 -1 3
2 3 3 3
2 4 2 3
2 4 0 3
2 4 3 3
2 3 -1 3
2 3 -1 3
3 4 2 3
3 4 0 3
3 4 2 3
4 4 0 3

1 3 3 3
1 2 -1 3
1 3 3 3
1 2 -1 3
2 3 3 3
2 4 2 3
2 4 0 3
2 4 2 3
2 3 -1 3
2 3 3 3
3 4 2 3
3 4 0 3
3 4 2 3
4 4 0 3

1 3 3 3
1 2 -1 3
1 3 3 3
1 2 -1 3
2 3 3 3
2 4 2 3
2 4 0 3
2 4 3 3
2 3 -1 3
2 3 3 3
3 4 2 3
3 4 0 3
3 4 2 3
4 4 0 3

1 3 3 3
1 2 -1 3
1 3 4 3
1 2 -1 3
2 3 3 3
2 4 2 3
2 4 0 3
2 4 4 3
2 3 -1 3
2 3 3 3
3 4 2 3
3 4 0 3
3 4 2 3
4 4 0 3

1 3 3 6
1 2 -1 6
1 4 2 6
1 3 -1 6
2 3 3 6
2 4 2 6
2 4 0 6
2 4 2 6
2 3 -1 6
2 4 2 6
3 4 2 6
3 4 0 6
3 4 2 6
4 4 0 6

1 3 3 6
1 2 -1 6
1 4 3 6
1 3 -1 6
2 3 3 6
2 4 2 6
2 4 0 6
2 4 3 6
2 3 -1 6
2 4 2 6
3 4 2 6
3 4 0 6
3 4 2 6
4 4 0 6

1 3 3 6
1 2 -1 6
1 4 4 6
1 3 -1 6
2 3 3 6
2 4 2 6
2 4 0 6
2 4 4 6
2 3 -1 6
2 4 2 6
3 4 2 6
3 4 0 6
3 4 2 6
4 4 0 6

1 3 3 4
1 3 -1 4
1 2 -1 4
1 2 -1 4
2 4 2 4
2 3 3 4
2 4 0 4
2 4 2 4
2 3 -1 4
2 3 -1 4
3 4 2 4
3 4 0 4
3 4 2 4
4 4 0 4

1 3 3 4
1 3 -1 4
1 2 -1 4
1 2 -1 4
2 4 2 4
2 3 3 4
2 4 0 4
2 4 3 4
2 3 -1 4
2 3 -1 4
3 4 2 4
3 4 0 4
3 4 2 4
4 4 0 4

1 3 3 7
1 3 -1 7
1 3 3 7
1 3 -1 7
2 4 2 7
2 3 3 7
2 4 0 7
2 4 2 7
2 3 -1 7
2 4 2 7
3 4 2 7
3 4 0 7
3 4 2 7
4 4 0 7

1 3 3 7
1 3 -1 7
1 3 3 7
1 3 -1 7
2 4 2 7
2 3 3 7
2 4 0 7
2 4 3 7
2 3 -1 7
2 4 2 7
3 4 2 7
3 4 0 7
3 4 2 7
4 4 0 7

1 3 3 7
1 3 -1 7
1 3 4 7
1 3 -1 7
2 4 2 7
2 3 3 7
2 4 0 7
2 4 3 7
2 3 -1 7
2 4 2 7
3 4 2 7
3 4 0 7
3 4 2 7
4 4 0 7

1 3 3 4
1 3 3 4
1 2 -1 4
1 2 -1 4
2 4 2 4
2 3 3 4
2 4 0 4
2 4 2 4
2 3 3 4
2 3 -1 4
3 4 2 4
3 4 0 4
3 4 2 4
4 4 0 4

1 3 3 4
1 3 3 4
1 2 -1 4
1 2 -1 4
2 4 2 4
2 3 3 4
2 4 0 4
2 4 3 4
2 3 3 4
2 3 -1 4
3 4 2 4
3 4 0 4
3 4 2 4
4 4 0 4

1 3 3 8
1 3 3 8
1 3 -1 8
1 3 -1 8
2 3 3 8
2 4 2 8
2 4 0 8
2 4 2 8
2 4 2 8
2 3 -1 8
3 4 2 8
3 4 0 8
3 4 2 8
4 4 0 8

1 3 3 8
1 3 3 8
1 3 -1 8
1 3 -1 8
2 3 3 8
2 4 2 8
2 4 0 8
2 4 3 8
2 4 2 8
2 3 -1 8
3 4 2 8
3 4 0 8
3 4 2 8
4 4 0 8

1 3 3 8
1 3 3 8
1 3 3 8
1 3 3 8
2 3 3 8
2 4 2 8
2 4 0 8
2 4 2 8
2 4 2 8
2 3 3 8
3 4 2 8
3 4 0 8
3 4 2 8
4 4 0 8

1 3 3 8
1 3 3 8
1 3 3 8
1 3 3 8
2 3 3 8
2 4 2 8
2 4 0 8
2 4 3 8
2 4 2 8
2 3 3 8
3 4 2 8
3 4 0 8
3 4 2 8
4 4 0 8

1 3 3 7
1 3 3 7
1 3 3 7
1 3 3 7
2 4 2 7
2 3 3 7
2 4 0 7
2 4 2 7
2 3 3 7
2 4 2 7
3 4 2 7
3 4 0 7
3 4 2 7
4 4 0 7

1 3 3 7
1 3 3 7
1 3 3 7
1 3 3 7
2 4 2 7
2 3 3 7
2 4 0 7
2 4 3 7
2 3 3 7
2 4 2 7
3 4 2 7
3 4 0 7
3 4 2 7
4 4 0 7

1 3 3 11
1 3 3 11
1 4 2 11
1 4 2 11
2 3 3 11
2 4 2 11
2 4 0 11
2 4 2 11
2 4 2 11
2 4 2 11
3 4 2 11
3 4 0 11
3 4 2 11
4 4 0 11

1 3 3 11
1 3 3 11
1 4 3 11
1 4 2 11
2 3 3 11
2 4 2 11
2 4 0 11
2 4 3 11
2 4 2 11
2 4 2 11
3 4 2 11
3 4 0 11
3 4 2 11
4 4 0 11

1 3 3 4
1 3 4 4
1 2 -1 4
1 2 -1 4
2 4 2 4
2 3 3 4
2 4 0 4
2 4 4 4
2 3 3 4
2 3 -1 4
3 4 2 4
3 4 0 4
3 4 2 4
4 4 0 4

1 3 3 8
1 3 4 8
1 3 -1 8
1 3 -1 8
2 3 3 8
2 4 2 8
2 4 0 8
2 4 3 8
2 4 2 8
2 3 -1 8
3 4 2 8
3 4 0 8
3 4 2 8
4 4 0 8

1 3 3 8
1 3 4 8
1 3 4 8
1 3 3 8
2 3 3 8
2 4 2 8
2 4 0 8
2 4 4 8
2 4 2 8
2 3 3 8
3 4 2 8
3 4 0 8
3 4 2 8
4 4 0 8

1 3 3 7
1 3 4 7
1 3 4 7
1 3 3 7
2 4 2 7
2 3 3 7
2 4 0 7
2 4 4 7
2 3 3 7
2 4 2 7
3 4 2 7
3 4 0 7
3 4 2 7
4 4 0 7

1 3 3 11
1 3 4 11
1 4 3 11
1 4 2 11
2 3 3 11
2 4 2 11
2 4 0 11
2 4 3 11
2 4 2 11
2 4 2 11
3 4 2 11
3 4 0 11
3 4 2 11
4 4 0 11

1 3 3 11
1 3 4 11
1 4 4 11
1 4 2 11
2 3 3 11
2 4 2 11
2 4 0 11
2 4 4 11
2 4 2 11
2 4 2 11
3 4 2 11
3 4 0 11
3 4 2 11
4 4 0 11

1 3 3 9
1 4 2 9
1 2 -1 9
1 3 -1 9
2 4 2 9
2 3 3 9
2 4 0 9
2 4 2 9
2 4 2 9
2 3 -1 9
3 4 2 9
3 4 0 9
3 4 2 9
4 4 0 9

1 3 3 12
1 4 2 12
1 3 3 12
1 4 2 12
2 4 2 12
2 3 3 12
2 4 0 12
2 4 2 12
2 4 2 12
2 4 2 12
3 4 2 12
3 4 0 12
3 4 2 12
4 4 0 12

1 3 3 9
1 4 3 9
1 2 -1 9
1 3 -1 9
2 4 2 9
2 3 3 9
2 4 0 9
2 4 3 9
2 4 2 9
2 3 -1 9
3 4 2 9
3 4 0 9
3 4 2 9
4 4 0 9

1 3 3 12
1 4 3 12
1 3 3 12
1 4 2 12
2 4 2 12
2 3 3 12
2 4 0 12
2 4 3 12
2 4 2 12
2 4 2 12
3 4 2 12
3 4 0 12
3 4 2 12
4 4 0 12

1 3 3 12
1 4 3 12
1 3 4 12
1 4 2 12
2 4 2 12
2 3 3 12
2 4 0 12
2 4 3 12
2 4 2 12
2 4 2 12
3 4 2 12
3 4 0 12
3 4 2 12
4 4 0 12

1 3 3 9
1 4 4 9
1 2 -1 9
1 3 -1 9
2 4 2 9
2 3 3 9
2 4 0 9
2 4 4 9
2 4 2 9
2 3 -1 9
3 4 2 9
3 4 0 9
3 4 2 9
4 4 0 9

1 3 3 12
1 4 4 12
1 3 4 12
1 4 2 12
2 4 2 12
2 3 3 12
2 4 0 12
2 4 4 12
2 4 2 12
2 4 2 12
3 4 2 12
3 4 0 12
3 4 2 12
4 4 0 12

1 3 4 3
1 2 -1 3
1 3 -1 3
1 2 -1 3
2 3 4 3
2 4 3 3
2 4 0 3
2 4 3 3
2 3 -1 3
2 3 -1 3
3 4 3 3
3 4 0 3
3 4 1 3
4 4 0 3

1 3 4 3
1 2 -1 3
1 3 3 3
1 2 -1 3
2 3 4 3
2 4 3 3
2 4 0 3
2 4 3 3
2 3 -1 3
2 3 2 3
3 4 3 3
3 4 0 3
3 4 1 3
4 4 0 3

1 3 4 3
1 2 -1 3
1 3 4 3
1 2 -1 3
2 3 4 3
2 4 3 3
2 4 0 3
2 4 4 3
2 3 -1 3
2 3 2 3
3 4 3 3
3 4 0 3
3 4 1 3
4 4 0 3

1 3 4 6
1 2 -1 6
1 4 3 6
1 3 -1 6
2 3 4 6
2 4 3 6
2 4 0 6
2 4 3 6
2 3 -1 6
2 4 1 6
3 4 3 6
3 4 0 6
3 4 1 6
4 4 0 6

1 3 4 6
1 2 -1 6
1 4 4 6
1 3 -1 6
2 3 4 6
2 4 3 6
2 4 0 6
2 4 4 6
2 3 -1 6
2 4 1 6
3 4 3 6
3 4 0 6
3 4 1 6
4 4 0 6

1 3 4 4
1 3 -1 4
1 2 -1 4
1 2 -1 4
2 4 3 4
2 3 4 4
2 4 0 4
2 4 3 4
2 3 -1 4
2 3 -1 4
3 4 3 4
3 4 0 4
3 4 1 4
4 4 0 4

1 3 4 7
1 3 -1 7
1 3 4 7
1 3 -1 7
2 4 3 7
2 3 4 7
2 4 0 7
2 4 3 7
2 3 -1 7
2 4 1 7
3 4 3 7
3 4 0 7
3 4 1 7
4 4 0 7

1 3 4 4
1 3 3 4
1 2 -1 4
1 2 -1 4
2 4 3 4
2 3 4 4
2 4 0 4
2 4 3 4
2 3 2 4
2 3 -1 4
3 4 3 4
3 4 0 4
3 4 1 4
4 4 0 4

1 3 4 7
1 3 3 7
1 3 4 7
1 3 2 7
2 4 3 7
2 3 4 7
2 4 0 7
2 4 3 7
2 3 2 7
2 4 1 7
3 4 3 7
3 4 0 7
3 4 1 7
4 4 0 7

1 3 4 4
1 3 4 4
1 2 -1 4
1 2 -1 4
2 4 3 4
2 3 4 4
2 4 0 4
2 4 4 4
2 3 2 4
2 3 -1 4
3 4 3 4
3 4 0 4
3 4 1 4
4 4 0 4

1 3 4 8
1 3 4 8
1 3 -1 8
1 3 -1 8
2 3 4 8
2 4 3 8
2 4 0 8
2 4 3 8
2 4 1 8
2 3 -1 8
3 4 3 8
3 4 0 8
3 4 1 8
4 4 0 8

1 3 4 8
1 3 4 8
1 3 3 8
1 3 2 8
2 3 4 8
2 4 3 8
2 4 0 8
2 4 3 8
2 4 1 8
2 3 2 8
3 4 3 8
3 4 0 8
3 4 1 8
4 4 0 8

1 3 4 8
1 3 4 8
1 3 4 8
1 3 2 8
2 3 4 8
2 4 3 8
2 4 0 8
2 4 4 8
2 4 1 8
2 3 2 8
3 4 3 8
3 4 0 8
3 4 1 8
4 4 0 8

1 3 4 7
1 3 4 7
1 3 4 7
1 3 2 7
2 4 3 7
2 3 4 7
2 4 0 7
2 4 4 7
2 3 2 7
2 4 1 7
3 4 3 7
3 4 0 7
3 4 1 7
4 4 0 7

1 3 4 11
1 3 4 11
1 4 3 11
1 4 1 11
2 3 4 11
2 4 3 11
2 4 0 11
2 4 3 11
2 4 1 11
2 4 1 11
3 4 3 11
3 4 0 11
3 4 1 11
4 4 0 11

1 3 4 11
1 3 4 11
1 4 4 11
1 4 1 11
2 3 4 11
2 4 3 11
2 4 0 11
2 4 4 11
2 4 1 11
2 4 1 11
3 4 3 11
3 4 0 11
3 4 1 11
4 4 0 11

1 3 4 9
1 4 3 9
1 2 -1 9
1 3 -1 9
2 4 3 9
2 3 4 9
2 4 0 9
2 4 3 9
2 4 1 9
2 3 -1 9
3 4 3 9
3 4 0 9
3 4 1 9
4 4 0 9

1 3 4 12
1 4 3 12
1 3 4 12
1 4 1 12
2 4 3 12
2 3 4 12
2 4 0 12
2 4 3 12
2 4 1 12
2 4 1 12
3 4 3 12
3 4 0 12
3 4 1 12
4 4 0 12

1 3 4 9
1 4 4 9
1 2 -1 9
1 3 -1 9
2 4 3 9
2 3 4 9
2 4 0 9
2 4 4 9
2 4 1 9
2 3 -1 9
3 4 3 9
3 4 0 9
3 4 1 9
4 4 0 9

1 3 4 12
1 4 4 12
1 3 4 12
1 4 1 12
2 4 3 12
2 3 4 12
2 4 0 12
2 4 4 12
2 4 1 12
2 4 1 12
3 4 3 12
3 4 0 12
3 4 1 12
4 4 0 12

1 3 5 3
1 2 -1 3
1 3 4 3
1 2 -1 3
2 3 5 3
2 4 4 3
2 4 0 3
2 4 4 3
2 3 -1 3
2 3 1 3
3 4 4 3
3 4 0 3
3 4 0 3
4 4 0 3

1 3 5 6
1 2 -1 6
1 4 4 6
1 3 -1 6
2 3 5 6
2 4 4 6
2 4 0 6
2 4 4 6
2 3 -1 6
2 4 0 6
3 4 4 6
3 4 0 6
3 4 0 6
4 4 0 6

1 3 5 4
1 3 4 4
1 2 -1 4
1 2 -1 4
2 4 4 4
2 3 5 4
2 4 0 4
2 4 4 4
2 3 1 4
2 3 -1 4
3 4 4 4
3 4 0 4
3 4 0 4
4 4 0 4

1 3 5 7
1 3 4 7
1 3 5 7
1 3 1 7
2 4 4 7
2 3 5 7
2 4 0 7
2 4 4 7
2 3 1 7
2 4 0 7
3 4 4 7
3 4 0 7
3 4 0 7
4 4 0 7

1 3 5 8
1 3 5 8
1 3 4 8
1 3 1 8
2 3 5 8
2 4 4 8
2 4 0 8
2 4 4 8
2 4 0 8
2 3 1 8
3 4 4 8
3 4 0 8
3 4 0 8
4 4 0 8

1 3 5 11
1 3 5 11
1 4 4 11
1 4 0 11
2 3 5 11
2 4 4 11
2 4 0 11
2 4 4 11
2 4 0 11
2 4 0 11
3 4 4 11
3 4 0 11
3 4 0 11
4 4 0 11

1 3 5 9
1 4 4 9
1 2 -1 9
1 3 -1 9
2 4 4 9
2 3 5 9
2 4 0 9
2 4 4 9
2 4 0 9
2 3 -1 9
3 4 4 9
3 4 0 9
3 4 0 9
4 4 0 9

1 3 5 12
1 4 4 12
1 3 5 12
1 4 0 12
2 4 4 12
2 3 5 12
2 4 0 12
2 4 4 12
2 4 0 12
2 4 0 12
3 4 4 12
3 4 0 12
3 4 0 12
4 4 0 12

1 4 0 10
1 3 -1 10
1 3 -1 10
1 2 -1 10
2 4 0 10
2 4 0 10
2 4 0 10
2 4 4 10
2 3 -1 10
2 3 -1 10
3 4 0 10
3 4 0 10
3 4 4 10
4 4 0 10

1 4 0 10
1 3 -1 10
1 3 5 10
1 2 -1 10
2 4 0 10
2 4 0 10
2 4 0 10
2 4 4 10
2 3 -1 10
2 3 5 10
3 4 0 10
3 4 0 10
3 4 4 10
4 4 0 10

1 4 0 10
1 3 5 10
1 3 -1 10
1 2 -1 10
2 4 0 10
2 4 0 10
2 4 0 10
2 4 4 10
2 3 5 10
2 3 -1 10
3 4 0 10
3 4 0 10
3 4 4 10
4 4 0 10

1 4 0 13
1 4 4 13
1 3 -1 13
1 3 -1 13
2 4 0 13
2 4 0 13
2 4 0 13
2 4 4 13
2 4 4 13
2 3 -1 13
3 4 0 13
3 4 0 13
3 4 4 13
4 4 0 13

1 4 0 13
1 4 4 13
1 3 5 13
1 3 5 13
2 4 0 13
2 4 0 13
2 4 0 13
2 4 4 13
2 4 4 13
2 3 5 13
3 4 0 13
3 4 0 13
3 4 4 13
4 4 0 13

1 4 0 14
1 4 4 14
1 4 4 14
1 4 4 14
2 4 0 14
2 4 0 14
2 4 0 14
2 4 4 14
2 4 4 14
2 4 4 14
3 4 0 14
3 4 0 14
3 4 4 14
4 4 0 14

1 4 1 10
1 3 -1 10
1 3 -1 10
1 2 -1 10
2 4 1 10
2 4 1 10
2 4 0 10
2 4 3 10
2 3 -1 10
2 3 -1 10
3 4 1 10
3 4 0 10
3 4 3 10
4 4 0 10

1 4 1 10
1 3 -1 10
1 3 4 10
1 2 -1 10
2 4 1 10
2 4 1 10
2 4 0 10
2 4 3 10
2 3 -1 10
2 3 4 10
3 4 1 10
3 4 0 10
3 4 3 10
4 4 0 10

1 4 1 10
1 3 -1 10
1 3 4 10
1 2 -1 10
2 4 1 10
2 4 1 10
2 4 0 10
2 4 4 10
2 3 -1 10
2 3 4 10
3 4 1 10
3 4 0 10
3 4 3 10
4 4 0 10

1 4 1 10
1 3 4 10
1 3 -1 10
1 2 -1 10
2 4 1 10
2 4 1 10
2 4 0 10
2 4 3 10
2 3 4 10
2 3 -1 10
3 4 1 10
3 4 0 10
3 4 3 10
4 4 0 10

1 4 1 10
1 3 4 10
1 3 -1 10
1 2 -1 10
2 4 1 10
2 4 1 10
2 4 0 10
2 4 4 10
2 3 4 10
2 3 -1 10
3 4 1 10
3 4 0 10
3 4 3 10
4 4 0 10

1 4 1 10
1 3 4 10
1 3 4 10
1 2 5 10
2 4 1 10
2 4 1 10
2 4 0 10
2 4 3 10
2 3 4 10
2 3 4 10
3 4 1 10
3 4 0 10
3 4 3 10
4 4 0 10

1 4 1 13
1 4 3 13
1 3 -1 13
1 3 -1 13
2 4 1 13
2 4 1 13
2 4 0 13
2 4 3 13
2 4 3 13
2 3 -1 13
3 4 1 13
3 4 0 13
3 4 3 13
4 4 0 13

1 4 1 13
1 4 3 13
1 3 4 13
1 3 4 13
2 4 1 13
2 4 1 13
2 4 0 13
2 4 3 13
2 4 3 13
2 3 4 13
3 4 1 13
3 4 0 13
3 4 3 13
4 4 0 13

1 4 1 14
1 4 3 14
1 4 3 14
1 4 3 14
2 4 1 14
2 4 1 14
2 4 0 14
2 4 3 14
2 4 3 14
2 4 3 14
3 4 1 14
3 4 0 14
3 4 3 14
4 4 0 14

1 4 1 13
1 4 4 13
1 3 -1 13
1 3 -1 13
2 4 1 13
2 4 1 13
2 4 0 13
2 4 4 13
2 4 3 13
2 3 -1 13
3 4 1 13
3 4 0 13
3 4 3 13
4 4 0 13

1 4 1 13
1 4 4 13
1 3 4 13
1 3 4 13
2 4 1 13
2 4 1 13
2 4 0 13
2 4 4 13
2 4 3 13
2 3 4 13
3 4 1 13
3 4 0 13
3 4 3 13
4 4 0 13

1 4 1 14
1 4 4 14
1 4 4 14
1 4 3 14
2 4 1 14
2 4 1 14
2 4 0 14
2 4 4 14
2 4 3 14
2 4 3 14
3 4 1 14
3 4 0 14
3 4 3 14
4 4 0 14

1 4 2 10
1 3 -1 10
1 3 -1 10
1 2 -1 10
2 4 2 10
2 4 2 10
2 4 0 10
2 4 2 10
2 3 -1 10
2 3 -1 10
3 4 2 10
3 4 0 10
3 4 2 10
4 4 0 10

1 4 2 10
1 3 -1 10
1 3 -1 10
1 2 -1 10
2 4 2 10
2 4 2 10
2 4 0 10
2 4 3 10
2 3 -1 10
2 3 -1 10
3 4 2 10
3 4 0 10
3 4 2 10
4 4 0 10

1 4 2 10
1 3 -1 10
1 3 3 10
1 2 -1 10
2 4 2 10
2 4 2 10
2 4 0 10
2 4 2 10
2 3 -1 10
2 3 3 10
3 4 2 10
3 4 0 10
3 4 2 10
4 4 0 10

1 4 2 10
1 3 -1 10
1 3 3 10
1 2 -1 10
2 4 2 10
2 4 2 10
2 4 0 10
2 4 3 10
2 3 -1 10
2 3 3 10
3 4 2 10
3 4 0 10
3 4 2 10
4 4 0 10

1 4 2 10
1 3 -1 10
1 3 4 10
1 2 -1 10
2 4 2 10
2 4 2 10
2 4 0 10
2 4 4 10
2 3 -1 10
2 3 3 10
3 4 2 10
3 4 0 10
3 4 2 10
4 4 0 10

1 4 2 10
1 3 3 10
1 3 -1 10
1 2 -1 10
2 4 2 10
2 4 2 10
2 4 0 10
2 4 2 10
2 3 3 10
2 3 -1 10
3 4 2 10
3 4 0 10
3 4 2 10
4 4 0 10

1 4 2 10
1 3 3 10
1 3 -1 10
1 2 -1 10
2 4 2 10
2 4 2 10
2 4 0 10
2 4 3 10
2 3 3 10
2 3 -1 10
3 4 2 10
3 4 0 10
3 4 2 10
4 4 0 10

1 4 2 10
1 3 3 10
1 3 3 10
1 2 4 10
2 4 2 10
2 4 2 10
2 4 0 10
2 4 2 10
2 3 3 10
2 3 3 10
3 4 2 10
3 4 0 10
3 4 2 10
4 4 0 10

1 4 2 10
1 3 3 10
1 3 4 10
1 2 4 10
2 4 2 10
2 4 2 10
2 4 0 10
2 4 3 10
2 3 3 10
2 3 3 10
3 4 2 10
3 4 0 10
3 4 2 10
4 4 0 10

1 4 2 10
1 3 4 10
1 3 -1 10
1 2 -1 10
2 4 2 10
2 4 2 10
2 4 0 10
2 4 4 10
2 3 3 10
2 3 -1 10
3 4 2 10
3 4 0 10
3 4 2 10
4 4 0 10

1 4 2 10
1 3 4 10
1 3 3 10
1 2 4 10
2 4 2 10
2 4 2 10
2 4 0 10
2 4 3 10
2 3 3 10
2 3 3 10
3 4 2 10
3 4 0 10
3 4 2 10
4 4 0 10

1 4 2 13
1 4 2 13
1 3 -1 13
1 3 -1 13
2 4 2 13
2 4 2 13
2 4 0 13
2 4 2 13
2 4 2 13
2 3 -1 13
3 4 2 13
3 4 0 13
3 4 2 13
4 4 0 13

1 4 2 13
1 4 2 13
1 3 3 13
1 3 3 13
2 4 2 13
2 4 2 13
2 4 0 13
2 4 2 13
2 4 2 13
2 3 3 13
3 4 2 13
3 4 0 13
3 4 2 13
4 4 0 13

1 4 2 14
1 4 2 14
1 4 2 14
1 4 2 14
2 4 2 14
2 4 2 14
2 4 0 14
2 4 2 14
2 4 2 14
2 4 2 14
3 4 2 14
3 4 0 14
3 4 2 14
4 4 0 14

1 4 2 13
1 4 3 13
1 3 -1 13
1 3 -1 13
2 4 2 13
2 4 2 13
2 4 0 13
2 4 3 13
2 4 2 13
2 3 -1 13
3 4 2 13
3 4 0 13
3 4 2 13
4 4 0 13

1 4 2 13
1 4 3 13
1 3 3 13
1 3 3 13
2 4 2 13
2 4 2 13
2 4 0 13
2 4 3 13
2 4 2 13
2 3 3 13
3 4 2 13
3 4 0 13
3 4 2 13
4 4 0 13

1 4 2 13
1 4 3 13
1 3 4 13
1 3 3 13
2 4 2 13
2 4 2 13
2 4 0 13
2 4 3 13
2 4 2 13
2 3 3 13
3 4 2 13
3 4 0 13
3 4 2 13
4 4 0 13

1 4 2 14
1 4 3 14
1 4 3 14
1 4 2 14
2 4 2 14
2 4 2 14
2 4 0 14
2 4 3 14
2 4 2 14
2 4 2 14
3 4 2 14
3 4 0 14
3 4 2 14
4 4 0 14

1 4 2 13
1 4 4 13
1 3 -1 13
1 3 -1 13
2 4 2 13
2 4 2 13
2 4 0 13
2 4 4 13
2 4 2 13
2 3 -1 13
3 4 2 13
3 4 0 13
3 4 2 13
4 4 0 13

1 4 2 13
1 4 4 13
1 3 4 13
1 3 3 13
2 4 2 13
2 4 2 13
2 4 0 13
2 4 4 13
2 4 2 13
2 3 3 13
3 4 2 13
3 4 0 13
3 4 2 13
4 4 0 13

1 4 2 14
1 4 4 14
1 4 4 14
1 4 2 14
2 4 2 14
2 4 2 14
2 4 0 14
2 4 4 14
2 4 2 14
2 4 2 14
3 4 2 14
3 4 0 14
3 4 2 14
4 4 0 14

1 4 3 10
1 3 -1 10
1 3 -1 10
1 2 -1 10
2 4 3 10
2 4 3 10
2 4 0 10
2 4 3 10
2 3 -1 10
2 3 -1 10
3 4 3 10
3 4 0 10
3 4 1 10
4 4 0 10

1 4 3 10
1 3 -1 10
1 3 3 10
1 2 -1 10
2 4 3 10
2 4 3 10
2 4 0 10
2 4 3 10
2 3 -1 10
2 3 2 10
3 4 3 10
3 4 0 10
3 4 1 10
4 4 0 10

1 4 3 10
1 3 -1 10
1 3 4 10
1 2 -1 10
2 4 3 10
2 4 3 10
2 4 0 10
2 4 4 10
2 3 -1 10
2 3 2 10
3 4 3 10
3 4 0 10
3 4 1 10
4 4 0 10

1 4 3 10
1 3 3 10
1 3 -1 10
1 2 -1 10
2 4 3 10
2 4 3 10
2 4 0 10
2 4 3 10
2 3 2 10
2 3 -1 10
3 4 3 10
3 4 0 10
3 4 1 10
4 4 0 10

1 4 3 10
1 3 3 10
1 3 3 10
1 2 3 10
2 4 3 10
2 4 3 10
2 4 0 10
2 4 3 10
2 3 2 10
2 3 2 10
3 4 3 10
3 4 0 10
3 4 1 10
4 4 0 10

1 4 3 10
1 3 3 10
1 3 4 10
1 2 3 10
2 4 3 10
2 4 3 10
2 4 0 10
2 4 3 10
2 3 2 10
2 3 2 10
3 4 3 10
3 4 0 10
3 4 1 10
4 4 0 10

1 4 3 10
1 3 4 10
1 3 -1 10
1 2 -1 10
2 4 3 10
2 4 3 10
2 4 0 10
2 4 4 10
2 3 2 10
2 3 -1 10
3 4 3 10
3 4 0 10
3 4 1 10
4 4 0 10

1 4 3 10
1 3 4 10
1 3 3 10
1 2 3 10
2 4 3 10
2 4 3 10
2 4 0 10
2 4 3 10
2 3 2 10
2 3 2 10
3 4 3 10
3 4 0 10
3 4 1 10
4 4 0 10

1 4 3 13
1 4 3 13
1 3 -1 13
1 3 -1 13
2 4 3 13
2 4 3 13
2 4 0 13
2 4 3 13
2 4 1 13
2 3 -1 13
3 4 3 13
3 4 0 13
3 4 1 13
4 4 0 13

1 4 3 13
1 4 3 13
1 3 3 13
1 3 2 13
2 4 3 13
2 4 3 13
2 4 0 13
2 4 3 13
2 4 1 13
2 3 2 13
3 4 3 13
3 4 0 13
3 4 1 13
4 4 0 13

1 4 3 13
1 4 3 13
1 3 4 13
1 3 2 13
2 4 3 13
2 4 3 13
2 4 0 13
2 4 3 13
2 4 1 13
2 3 2 13
3 4 3 13
3 4 0 13
3 4 1 13
4 4 0 13

1 4 3 14
1 4 3 14
1 4 3 14
1 4 1 14
2 4 3 14
2 4 3 14
2 4 0 14
2 4 3 14
2 4 1 14
2 4 1 14
3 4 3 14
3 4 0 14
3 4 1 14
4 4 0 14

1 4 3 13
1 4 4 13
1 3 -1 13
1 3 -1 13
2 4 3 13
2 4 3 13
2 4 0 13
2 4 4 13
2 4 1 13
2 3 -1 13
3 4 3 13
3 4 0 13
3 4 1 13
4 4 0 13

1 4 3 13
1 4 4 13
1 3 4 13
1 3 2 13
2 4 3 13
2 4 3 13
2 4 0 13
2 4 4 13
2 4 1 13
2 3 2 13
3 4 3 13
3 4 0 13
3 4 1 13
4 4 0 13

1 4 3 14
1 4 4 14
1 4 4 14
1 4 1 14
2 4 3 14
2 4 3 14
2 4 0 14
2 4 4 14
2 4 1 14
2 4 1 14
3 4 3 14
3 4 0 14
3 4 1 14
4 4 0 14

1 4 4 10
1 3 -1 10
1 3 4 10
1 2 -1 10
2 4 4 10
2 4 4 10
2 4 0 10
2 4 4 10
2 3 -1 10
2 3 1 10
3 4 4 10
3 4 0 10
3 4 0 10
4 4 0 10

1 4 4 10
1 3 4 10
1 3 -1 10
1 2 -1 10
2 4 4 10
2 4 4 10
2 4 0 10
2 4 4 10
2 3 1 10
2 3 -1 10
3 4 4 10
3 4 0 10
3 4 0 10
4 4 0 10

1 4 4 10
1 3 4 10
1 3 4 10
1 2 2 10
2 4 4 10
2 4 4 10
2 4 0 10
2 4 4 10
2 3 1 10
2 3 1 10
3 4 4 10
3 4 0 10
3 4 0 10
4 4 0 10

1 4 4 13
1 4 4 13
1 3 -1 13
1 3 -1 13
2 4 4 13
2 4 4 13
2 4 0 13
2 4 4 13
2 4 0 13
2 3 -1 13
3 4 4 13
3 4 0 13
3 4 0 13
4 4 0 13

1 4 4 13
1 4 4 13
1 3 4 13
1 3 1 13
2 4 4 13
2 4 4 13
2 4 0 13
2 4 4 13
2 4 0 13
2 3 1 13
3 4 4 13
3 4 0 13
3 4 0 13
4 4 0 13

1 4 4 14
1 4 4 14
1 4 4 14
1 4 0 14
2 4 4 14
2 4 4 14
2 4 0 14
2 4 4 14
2 4 0 14
2 4 0 14
3 4 4 14
3 4 0 14
3 4 0 14
4 4 0 14


