41
0 0 -1 0
1 2 -2 0
1 2 -1 0
1 2 -1 0
1 2 -1 0
0 1 -1 1
1 2 -2 1
1 2 -1 1
1 3 -2 1
1 3 -1 1
0 1 -1 2
1 2 -2 2
1 3 -2 2
1 2 -1 2
1 3 -1 2
0 1 -1 3
1 3 -2 3
1 2 -1 3
1 3 -1 3
1 2 -1 3
0 1 -1 4
1 3 -2 4
1 3 -1 4
1 2 -1 4
1 2 -1 4
0 2 2 5
1 2 -2 5
1 3 -2 5
1 3 -2 5
1 4 -2 5
0 2 -1 6
1 3 -2 6
1 2 -1 6
1 4 -2 6
1 3 -1 6
0 2 -1 7
1 3 -2 7
1 3 -1 7
1 3 -2 7
1 3 -1 7
0 2 -1 8
1 3 -2 8
1 3 -2 8
1 3 -1 8
1 3 -1 8
0 2 -1 9
1 3 -2 9
1 4 -2 9
1 2 -1 9
1 3 -1 9
0 2 -1 10
1 4 1 10
1 3 -1 10
1 3 -1 10
1 2 -1 10
0 3 2 11
1 3 -2 11
1 3 -2 11
1 4 -2 11
1 4 -2 11
0 3 2 12
1 3 -2 12
1 4 -2 12
1 3 -2 12
1 4 -2 12
0 3 -1 13
1 4 1 13
1 4 -2 13
1 3 -1 13
1 3 -1 13
0 4 2 14
1 4 1 14
1 4 -2 14
1 4 -2 14
1 4 -2 14

0 0 -1 0
1 2 -2 0
1 2 -1 0
1 2 -1 0
1 2 -1 0
0 1 -1 1
1 2 -2 1
1 2 -1 1
1 3 -2 1
1 3 -1 1
0 1 -1 2
1 2 -2 2
1 3 -2 2
1 2 -1 2
1 3 -1 2
0 1 -1 3
1 3 -2 3
1 2 -1 3
1 3 -1 3
1 2 -1 3
0 1 -1 4
1 3 -2 4
1 3 -1 4
1 2 -1 4
1 2 -1 4
0 2 2 5
1 2 -2 5
1 3 -2 5
1 3 -2 5
1 4 1 5
0 2 -1 6
1 3 -2 6
1 2 -1 6
1 4 1 6
1 3 -1 6
0 2 -1 7
1 3 -2 7
1 3 -1 7
1 3 -2 7
1 3 -1 7
0 2 -1 8
1 3 -2 8
1 3 -2 8
1 3 -1 8
1 3 -1 8
0 2 -1 9
1 3 -2 9
1 4 1 9
1 2 -1 9
1 3 -1 9
0 2 -1 10
1 4 1 10
1 3 -1 10
1 3 -1 10
1 2 -1 10
0 3 2 11
1 3 -2 11
1 3 -2 11
1 4 1 11
1 4 1 11
0 3 2 12
1 3 -2 12
1 4 1 12
1 3 -2 12
1 4 1 12
0 3 -1 13
1 4 1 13
1 4 1 13
1 3 -1 13
1 3 -1 13
0 4 1 14
1 4 1 14
1 4 1 14
1 4 1 14
1 4 1 14

0 0 -1 0
1 2 -1 0
1 2 -1 0
1 2 -1 0
1 2 -2 0
0 1 -1 1
1 2 -1 1
1 2 -1 1
1 3 -1 1
1 3 -2 1
0 1 -1 2
1 2 -1 2
1 3 -1 2
1 2 -1 2
1 3 -2 2
0 1 -1 3
1 3 -1 3
1 2 -1 3
1 3 -2 3
1 2 -2 3
0 1 -1 4
1 3 -1 4
1 3 -2 4
1 2 -1 4
1 2 -2 4
0 2 -1 5
1 2 -1 5
1 3 -1 5
1 3 -1 5
1 4 1 5
0 2 -1 6
1 3 -1 6
1 2 -1 6
1 4 -2 6
1 3 -2 6
0 2 -1 7
1 3 -1 7
1 3 -2 7
1 3 -1 7
1 3 -2 7
0 2 -1 8
1 3 -1 8
1 3 -1 8
1 3 -2 8
1 3 -2 8
0 2 -1 9
1 3 -1 9
1 4 -2 9
1 2 -1 9
1 3 -2 9
0 2 2 10
1 4 -2 10
1 3 -2 10
1 3 -2 10
1 2 -2 10
0 3 -1 11
1 3 -1 11
1 3 -1 11
1 4 -2 11
1 4 1 11
0 3 -1 12
1 3 -1 12
1 4 -2 12
1 3 -1 12
1 4 1 12
0 3 2 13
1 4 -2 13
1 4 -2 13
1 3 -2 13
1 3 -2 13
0 4 2 14
1 4 -2 14
1 4 -2 14
1 4 -2 14
1 4 1 14

0 0 -1 0
1 2 -1 0
1 2 -1 0
1 2 -1 0
1 2 -2 0
0 1 -1 1
1 2 -1 1
1 2 -1 1
1 3 -1 1
1 3 -2 1
0 1 -1 2
1 2 -1 2
1 3 -1 2
1 2 -1 2
1 3 -2 2
0 1 -1 3
1 3 -1 3
1 2 -1 3
1 3 -2 3
1 2 -2 3
0 1 -1 4
1 3 -1 4
1 3 -2 4
1 2 -1 4
1 2 -2 4
0 2 -1 5
1 2 -1 5
1 3 -1 5
1 3 -1 5
1 4 1 5
0 2 -1 6
1 3 -1 6
1 2 -1 6
1 4 1 6
1 3 -2 6
0 2 -1 7
1 3 -1 7
1 3 -2 7
1 3 -1 7
1 3 -2 7
0 2 -1 8
1 3 -1 8
1 3 -1 8
1 3 -2 8
1 3 -2 8
0 2 -1 9
1 3 -1 9
1 4 1 9
1 2 -1 9
1 3 -2 9
0 2 2 10
1 4 1 10
1 3 -2 10
1 3 -2 10
1 2 -2 10
0 3 -1 11
1 3 -1 11
1 3 -1 11
1 4 1 11
1 4 1 11
0 3 -1 12
1 3 -1 12
1 4 1 12
1 3 -1 12
1 4 1 12
0 3 2 13
1 4 1 13
1 4 1 13
1 3 -2 13
1 3 -2 13
0 4 1 14
1 4 1 14
1 4 1 14
1 4 1 14
1 4 1 14

0 0 -1 0
1 2 -1 0
1 2 -1 0
1 2 -1 0
1 2 -1 0
0 1 -1 1
1 2 -1 1
1 2 -1 1
1 3 -2 1
1 3 -2 1
0 1 -1 2
1 2 -1 2
1 3 -1 2
1 2 -1 2
1 3 -1 2
0 1 -1 3
1 3 -1 3
1 2 -1 3
1 3 -1 3
1 2 -1 3
0 1 -1 4
1 3 -2 4
1 3 -2 4
1 2 -1 4
1 2 -1 4
0 2 -1 5
1 2 -1 5
1 3 -1 5
1 3 -2 5
1 4 -2 5
0 2 -1 6
1 3 -1 6
1 2 -1 6
1 4 -2 6
1 3 -2 6
0 2 -2 7
1 3 -2 7
1 3 -2 7
1 3 -2 7
1 3 -2 7
0 2 -1 8
1 3 -1 8
1 3 -1 8
1 3 -1 8
1 3 -1 8
0 2 -1 9
1 3 -2 9
1 4 -2 9
1 2 -1 9
1 3 -1 9
0 2 -1 10
1 4 -2 10
1 3 -2 10
1 3 -1 10
1 2 -1 10
0 3 -1 11
1 3 -1 11
1 3 -1 11
1 4 -2 11
1 4 -2 11
0 3 -2 12
1 3 -2 12
1 4 -2 12
1 3 -2 12
1 4 -2 12
0 3 -1 13
1 4 -2 13
1 4 -2 13
1 3 -1 13
1 3 -1 13
0 4 -2 14
1 4 -2 14
1 4 -2 14
1 4 -2 14
1 4 -2 14

0 0 -1 0
1 2 -1 0
1 2 -1 0
1 2 -1 0
1 2 -1 0
0 1 -1 1
1 2 -1 1
1 2 -1 1
1 3 -2 1
1 3 -2 1
0 1 -1 2
1 2 -1 2
1 3 -1 2
1 2 -1 2
1 3 -1 2
0 1 -1 3
1 3 -1 3
1 2 -1 3
1 3 -1 3
1 2 -1 3
0 1 -1 4
1 3 -2 4
1 3 -2 4
1 2 -1 4
1 2 -1 4
0 2 -1 5
1 2 -1 5
1 3 -1 5
1 3 -2 5
1 4 -2 5
0 2 -1 6
1 3 -1 6
1 2 -1 6
1 4 -2 6
1 3 -2 6
0 2 -2 7
1 3 -2 7
1 3 -2 7
1 3 -2 7
1 3 -2 7
0 2 -1 8
1 3 -1 8
1 3 -1 8
1 3 -1 8
1 3 -1 8
0 2 -1 9
1 3 -2 9
1 4 -2 9
1 2 -1 9
1 3 -1 9
0 2 -1 10
1 4 1 10
1 3 -2 10
1 3 -1 10
1 2 -1 10
0 3 -1 11
1 3 -1 11
1 3 -1 11
1 4 -2 11
1 4 -2 11
0 3 2 12
1 3 -2 12
1 4 -2 12
1 3 -2 12
1 4 -2 12
0 3 -1 13
1 4 1 13
1 4 -2 13
1 3 -1 13
1 3 -1 13
0 4 2 14
1 4 1 14
1 4 -2 14
1 4 -2 14
1 4 -2 14

0 0 -1 0
1 2 -1 0
1 2 -1 0
1 2 -1 0
1 2 -1 0
0 1 -1 1
1 2 -1 1
1 2 -1 1
1 3 -2 1
1 3 -2 1
0 1 -1 2
1 2 -1 2
1 3 -1 2
1 2 -1 2
1 3 -1 2
0 1 -1 3
1 3 -1 3
1 2 -1 3
1 3 -1 3
1 2 -1 3
0 1 -1 4
1 3 -2 4
1 3 -2 4
1 2 -1 4
1 2 -1 4
0 2 -1 5
1 2 -1 5
1 3 -1 5
1 3 -2 5
1 4 -2 5
0 2 -1 6
1 3 -1 6
1 2 -1 6
1 4 -2 6
1 3 -2 6
0 2 2 7
1 3 -2 7
1 3 -2 7
1 3 -2 7
1 3 -2 7
0 2 -1 8
1 3 -1 8
1 3 -1 8
1 3 -1 8
1 3 -1 8
0 2 -1 9
1 3 -2 9
1 4 -2 9
1 2 -1 9
1 3 -1 9
0 2 -1 10
1 4 -2 10
1 3 -2 10
1 3 -1 10
1 2 -1 10
0 3 -1 11
1 3 -1 11
1 3 -1 11
1 4 -2 11
1 4 -2 11
0 3 2 12
1 3 -2 12
1 4 -2 12
1 3 -2 12
1 4 -2 12
0 3 -1 13
1 4 -2 13
1 4 -2 13
1 3 -1 13
1 3 -1 13
0 4 2 14
1 4 -2 14
1 4 -2 14
1 4 -2 14
1 4 -2 14

0 0 -1 0
1 2 -1 0
1 2 -1 0
1 2 -1 0
1 2 -1 0
0 1 -1 1
1 2 -1 1
1 2 -1 1
1 3 -2 1
1 3 -2 1
0 1 -1 2
1 2 -1 2
1 3 -1 2
1 2 -1 2
1 3 -1 2
0 1 -1 3
1 3 -1 3
1 2 -1 3
1 3 -1 3
1 2 -1 3
0 1 -1 4
1 3 -2 4
1 3 -2 4
1 2 -1 4
1 2 -1 4
0 2 -1 5
1 2 -1 5
1 3 -1 5
1 3 -2 5
1 4 -2 5
0 2 -1 6
1 3 -1 6
1 2 -1 6
1 4 -2 6
1 3 -2 6
0 2 2 7
1 3 -2 7
1 3 -2 7
1 3 -2 7
1 3 -2 7
0 2 -1 8
1 3 -1 8
1 3 -1 8
1 3 -1 8
1 3 -1 8
0 2 -1 9
1 3 -2 9
1 4 -2 9
1 2 -1 9
1 3 -1 9
0 2 -1 10
1 4 1 10
1 3 -2 10
1 3 -1 10
1 2 -1 10
0 3 -1 11
1 3 -1 11
1 3 -1 11
1 4 -2 11
1 4 -2 11
0 3 2 12
1 3 -2 12
1 4 -2 12
1 3 -2 12
1 4 -2 12
0 3 -1 13
1 4 1 13
1 4 -2 13
1 3 -1 13
1 3 -1 13
0 4 2 14
1 4 1 14
1 4 -2 14
1 4 -2 14
1 4 -2 14

0 0 -1 0
1 2 -1 0
1 2 -1 0
1 2 -1 0
1 2 -1 0
0 1 -1 1
1 2 -1 1
1 2 -1 1
1 3 -2 1
1 3 -2 1
0 1 -1 2
1 2 -1 2
1 3 -1 2
1 2 -1 2
1 3 -1 2
0 1 -1 3
1 3 -1 3
1 2 -1 3
1 3 -1 3
1 2 -1 3
0 1 -1 4
1 3 -2 4
1 3 -2 4
1 2 -1 4
1 2 -1 4
0 2 -1 5
1 2 -1 5
1 3 -1 5
1 3 -2 5
1 4 1 5
0 2 -1 6
1 3 -1 6
1 2 -1 6
1 4 -2 6
1 3 -2 6
0 2 -2 7
1 3 -2 7
1 3 -2 7
1 3 -2 7
1 3 -2 7
0 2 -1 8
1 3 -1 8
1 3 -1 8
1 3 -1 8
1 3 -1 8
0 2 -1 9
1 3 -2 9
1 4 -2 9
1 2 -1 9
1 3 -1 9
0 2 -1 10
1 4 -2 10
1 3 -2 10
1 3 -1 10
1 2 -1 10
0 3 -1 11
1 3 -1 11
1 3 -1 11
1 4 -2 11
1 4 1 11
0 3 -2 12
1 3 -2 12
1 4 -2 12
1 3 -2 12
1 4 1 12
0 3 -1 13
1 4 -2 13
1 4 -2 13
1 3 -1 13
1 3 -1 13
0 4 2 14
1 4 -2 14
1 4 -2 14
1 4 -2 14
1 4 1 14

0 0 -1 0
1 2 -1 0
1 2 -1 0
1 2 -1 0
1 2 -1 0
0 1 -1 1
1 2 -1 1
1 2 -1 1
1 3 -2 1
1 3 -2 1
0 1 -1 2
1 2 -1 2
1 3 -1 2
1 2 -1 2
1 3 -1 2
0 1 -1 3
1 3 -1 3
1 2 -1 3
1 3 -1 3
1 2 -1 3
0 1 -1 4
1 3 -2 4
1 3 -2 4
1 2 -1 4
1 2 -1 4
0 2 -1 5
1 2 -1 5
1 3 -1 5
1 3 -2 5
1 4 1 5
0 2 -1 6
1 3 -1 6
1 2 -1 6
1 4 -2 6
1 3 -2 6
0 2 2 7
1 3 -2 7
1 3 -2 7
1 3 -2 7
1 3 -2 7
0 2 -1 8
1 3 -1 8
1 3 -1 8
1 3 -1 8
1 3 -1 8
0 2 -1 9
1 3 -2 9
1 4 -2 9
1 2 -1 9
1 3 -1 9
0 2 -1 10
1 4 -2 10
1 3 -2 10
1 3 -1 10
1 2 -1 10
0 3 -1 11
1 3 -1 11
1 3 -1 11
1 4 -2 11
1 4 1 11
0 3 2 12
1 3 -2 12
1 4 -2 12
1 3 -2 12
1 4 1 12
0 3 -1 13
1 4 -2 13
1 4 -2 13
1 3 -1 13
1 3 -1 13
0 4 2 14
1 4 -2 14
1 4 -2 14
1 4 -2 14
1 4 1 14

0 0 -1 0
1 2 -1 0
1 2 -1 0
1 2 -1 0
1 2 -1 0
0 1 -1 1
1 2 -1 1
1 2 -1 1
1 3 -2 1
1 3 -2 1
0 1 -1 2
1 2 -1 2
1 3 -1 2
1 2 -1 2
1 3 -1 2
0 1 -1 3
1 3 -1 3
1 2 -1 3
1 3 -1 3
1 2 -1 3
0 1 -1 4
1 3 -2 4
1 3 -2 4
1 2 -1 4
1 2 -1 4
0 2 -1 5
1 2 -1 5
1 3 -1 5
1 3 -2 5
1 4 1 5
0 2 -1 6
1 3 -1 6
1 2 -1 6
1 4 1 6
1 3 -2 6
0 2 2 7
1 3 -2 7
1 3 -2 7
1 3 -2 7
1 3 -2 7
0 2 -1 8
1 3 -1 8
1 3 -1 8
1 3 -1 8
1 3 -1 8
0 2 -1 9
1 3 -2 9
1 4 1 9
1 2 -1 9
1 3 -1 9
0 2 -1 10
1 4 1 10
1 3 -2 10
1 3 -1 10
1 2 -1 10
0 3 -1 11
1 3 -1 11
1 3 -1 11
1 4 1 11
1 4 1 11
0 3 2 12
1 3 -2 12
1 4 1 12
1 3 -2 12
1 4 1 12
0 3 -1 13
1 4 1 13
1 4 1 13
1 3 -1 13
1 3 -1 13
0 4 1 14
1 4 1 14
1 4 1 14
1 4 1 14
1 4 1 14

0 0 -1 0
1 2 -1 0
1 2 -1 0
1 2 -1 0
1 2 -1 0
0 1 -1 1
1 2 -1 1
1 2 -1 1
1 3 -2 1
1 3 -1 1
0 1 -1 2
1 2 -1 2
1 3 -1 2
1 2 -1 2
1 3 -1 2
0 1 -1 3
1 3 -1 3
1 2 -1 3
1 3 -1 3
1 2 -1 3
0 1 -1 4
1 3 -2 4
1 3 -1 4
1 2 -1 4
1 2 -1 4
0 2 -1 5
1 2 -1 5
1 3 -1 5
1 3 -2 5
1 4 -2 5
0 2 -1 6
1 3 -1 6
1 2 -1 6
1 4 -2 6
1 3 -1 6
0 2 -1 7
1 3 -2 7
1 3 -1 7
1 3 -2 7
1 3 -1 7
0 2 -1 8
1 3 -1 8
1 3 -1 8
1 3 -1 8
1 3 -1 8
0 2 -1 9
1 3 -2 9
1 4 -2 9
1 2 -1 9
1 3 -1 9
0 2 -1 10
1 4 -2 10
1 3 -1 10
1 3 -1 10
1 2 -1 10
0 3 -1 11
1 3 -1 11
1 3 -1 11
1 4 -2 11
1 4 -2 11
0 3 -2 12
1 3 -2 12
1 4 -2 12
1 3 -2 12
1 4 -2 12
0 3 -1 13
1 4 -2 13
1 4 -2 13
1 3 -1 13
1 3 -1 13
0 4 -2 14
1 4 -2 14
1 4 -2 14
1 4 -2 14
1 4 -2 14

0 0 -1 0
1 2 -1 0
1 2 -1 0
1 2 -1 0
1 2 -1 0
0 1 -1 1
1 2 -1 1
1 2 -1 1
1 3 -2 1
1 3 -1 1
0 1 -1 2
1 2 -1 2
1 3 -1 2
1 2 -1 2
1 3 -1 2
0 1 -1 3
1 3 -1 3
1 2 -1 3
1 3 -1 3
1 2 -1 3
0 1 -1 4
1 3 -2 4
1 3 -1 4
1 2 -1 4
1 2 -1 4
0 2 -1 5
1 2 -1 5
1 3 -1 5
1 3 -2 5
1 4 -2 5
0 2 -1 6
1 3 -1 6
1 2 -1 6
1 4 -2 6
1 3 -1 6
0 2 -1 7
1 3 -2 7
1 3 -1 7
1 3 -2 7
1 3 -1 7
0 2 -1 8
1 3 -1 8
1 3 -1 8
1 3 -1 8
1 3 -1 8
0 2 -1 9
1 3 -2 9
1 4 -2 9
1 2 -1 9
1 3 -1 9
0 2 -1 10
1 4 -2 10
1 3 -1 10
1 3 -1 10
1 2 -1 10
0 3 -1 11
1 3 -1 11
1 3 -1 11
1 4 -2 11
1 4 -2 11
0 3 -2 12
1 3 -2 12
1 4 -2 12
1 3 -2 12
1 4 -2 12
0 3 -1 13
1 4 -2 13
1 4 -2 13
1 3 -1 13
1 3 -1 13
0 4 2 14
1 4 -2 14
1 4 -2 14
1 4 -2 14
1 4 -2 14

0 0 -1 0
1 2 -1 0
1 2 -1 0
1 2 -1 0
1 2 -1 0
0 1 -1 1
1 2 -1 1
1 2 -1 1
1 3 -2 1
1 3 -1 1
0 1 -1 2
1 2 -1 2
1 3 -1 2
1 2 -1 2
1 3 -1 2
0 1 -1 3
1 3 -1 3
1 2 -1 3
1 3 -1 3
1 2 -1 3
0 1 -1 4
1 3 -2 4
1 3 -1 4
1 2 -1 4
1 2 -1 4
0 2 -1 5
1 2 -1 5
1 3 -1 5
1 3 -2 5
1 4 -2 5
0 2 -1 6
1 3 -1 6
1 2 -1 6
1 4 -2 6
1 3 -1 6
0 2 -1 7
1 3 -2 7
1 3 -1 7
1 3 -2 7
1 3 -1 7
0 2 -1 8
1 3 -1 8
1 3 -1 8
1 3 -1 8
1 3 -1 8
0 2 -1 9
1 3 -2 9
1 4 -2 9
1 2 -1 9
1 3 -1 9
0 2 -1 10
1 4 -2 10
1 3 -1 10
1 3 -1 10
1 2 -1 10
0 3 -1 11
1 3 -1 11
1 3 -1 11
1 4 -2 11
1 4 -2 11
0 3 2 12
1 3 -2 12
1 4 -2 12
1 3 -2 12
1 4 -2 12
0 3 -1 13
1 4 -2 13
1 4 -2 13
1 3 -1 13
1 3 -1 13
0 4 2 14
1 4 -2 14
1 4 -2 14
1 4 -2 14
1 4 -2 14

0 0 -1 0
1 2 -1 0
1 2 -1 0
1 2 -1 0
1 2 -1 0
0 1 -1 1
1 2 -1 1
1 2 -1 1
1 3 -2 1
1 3 -1 1
0 1 -1 2
1 2 -1 2
1 3 -1 2
1 2 -1 2
1 3 -1 2
0 1 -1 3
1 3 -1 3
1 2 -1 3
1 3 -1 3
1 2 -1 3
0 1 -1 4
1 3 -2 4
1 3 -1 4
1 2 -1 4
1 2 -1 4
0 2 -1 5
1 2 -1 5
1 3 -1 5
1 3 -2 5
1 4 -2 5
0 2 -1 6
1 3 -1 6
1 2 -1 6
1 4 -2 6
1 3 -1 6
0 2 -1 7
1 3 -2 7
1 3 -1 7
1 3 -2 7
1 3 -1 7
0 2 -1 8
1 3 -1 8
1 3 -1 8
1 3 -1 8
1 3 -1 8
0 2 -1 9
1 3 -2 9
1 4 -2 9
1 2 -1 9
1 3 -1 9
0 2 -1 10
1 4 1 10
1 3 -1 10
1 3 -1 10
1 2 -1 10
0 3 -1 11
1 3 -1 11
1 3 -1 11
1 4 -2 11
1 4 -2 11
0 3 2 12
1 3 -2 12
1 4 -2 12
1 3 -2 12
1 4 -2 12
0 3 -1 13
1 4 1 13
1 4 -2 13
1 3 -1 13
1 3 -1 13
0 4 2 14
1 4 1 14
1 4 -2 14
1 4 -2 14
1 4 -2 14

0 0 -1 0
1 2 -1 0
1 2 -1 0
1 2 -1 0
1 2 -1 0
0 1 -1 1
1 2 -1 1
1 2 -1 1
1 3 -2 1
1 3 -1 1
0 1 -1 2
1 2 -1 2
1 3 -1 2
1 2 -1 2
1 3 -1 2
0 1 -1 3
1 3 -1 3
1 2 -1 3
1 3 -1 3
1 2 -1 3
0 1 -1 4
1 3 -2 4
1 3 -1 4
1 2 -1 4
1 2 -1 4
0 2 -1 5
1 2 -1 5
1 3 -1 5
1 3 -2 5
1 4 1 5
0 2 -1 6
1 3 -1 6
1 2 -1 6
1 4 -2 6
1 3 -1 6
0 2 -1 7
1 3 -2 7
1 3 -1 7
1 3 -2 7
1 3 -1 7
0 2 -1 8
1 3 -1 8
1 3 -1 8
1 3 -1 8
1 3 -1 8
0 2 -1 9
1 3 -2 9
1 4 -2 9
1 2 -1 9
1 3 -1 9
0 2 -1 10
1 4 -2 10
1 3 -1 10
1 3 -1 10
1 2 -1 10
0 3 -1 11
1 3 -1 11
1 3 -1 11
1 4 -2 11
1 4 1 11
0 3 -2 12
1 3 -2 12
1 4 -2 12
1 3 -2 12
1 4 1 12
0 3 -1 13
1 4 -2 13
1 4 -2 13
1 3 -1 13
1 3 -1 13
0 4 2 14
1 4 -2 14
1 4 -2 14
1 4 -2 14
1 4 1 14

0 0 -1 0
1 2 -1 0
1 2 -1 0
1 2 -1 0
1 2 -1 0
0 1 -1 1
1 2 -1 1
1 2 -1 1
1 3 -2 1
1 3 -1 1
0 1 -1 2
1 2 -1 2
1 3 -1 2
1 2 -1 2
1 3 -1 2
0 1 -1 3
1 3 -1 3
1 2 -1 3
1 3 -1 3
1 2 -1 3
0 1 -1 4
1 3 -2 4
1 3 -1 4
1 2 -1 4
1 2 -1 4
0 2 -1 5
1 2 -1 5
1 3 -1 5
1 3 -2 5
1 4 1 5
0 2 -1 6
1 3 -1 6
1 2 -1 6
1 4 -2 6
1 3 -1 6
0 2 -1 7
1 3 -2 7
1 3 -1 7
1 3 -2 7
1 3 -1 7
0 2 -1 8
1 3 -1 8
1 3 -1 8
1 3 -1 8
1 3 -1 8
0 2 -1 9
1 3 -2 9
1 4 -2 9
1 2 -1 9
1 3 -1 9
0 2 -1 10
1 4 -2 10
1 3 -1 10
1 3 -1 10
1 2 -1 10
0 3 -1 11
1 3 -1 11
1 3 -1 11
1 4 -2 11
1 4 1 11
0 3 2 12
1 3 -2 12
1 4 -2 12
1 3 -2 12
1 4 1 12
0 3 -1 13
1 4 -2 13
1 4 -2 13
1 3 -1 13
1 3 -1 13
0 4 2 14
1 4 -2 14
1 4 -2 14
1 4 -2 14
1 4 1 14

0 0 -1 0
1 2 -1 0
1 2 -1 0
1 2 -1 0
1 2 -1 0
0 1 -1 1
1 2 -1 1
1 2 -1 1
1 3 -1 1
1 3 -2 1
0 1 -1 2
1 2 -1 2
1 3 -1 2
1 2 -1 2
1 3 -1 2
0 1 -1 3
1 3 -1 3
1 2 -1 3
1 3 -1 3
1 2 -1 3
0 1 -1 4
1 3 -1 4
1 3 -2 4
1 2 -1 4
1 2 -1 4
0 2 -1 5
1 2 -1 5
1 3 -1 5
1 3 -1 5
1 4 -2 5
0 2 -1 6
1 3 -1 6
1 2 -1 6
1 4 -2 6
1 3 -2 6
0 2 -1 7
1 3 -1 7
1 3 -2 7
1 3 -1 7
1 3 -2 7
0 2 -1 8
1 3 -1 8
1 3 -1 8
1 3 -1 8
1 3 -1 8
0 2 -1 9
1 3 -1 9
1 4 -2 9
1 2 -1 9
1 3 -1 9
0 2 -1 10
1 4 -2 10
1 3 -2 10
1 3 -1 10
1 2 -1 10
0 3 -1 11
1 3 -1 11
1 3 -1 11
1 4 -2 11
1 4 -2 11
0 3 -1 12
1 3 -1 12
1 4 -2 12
1 3 -1 12
1 4 -2 12
0 3 -1 13
1 4 -2 13
1 4 -2 13
1 3 -1 13
1 3 -1 13
0 4 -2 14
1 4 -2 14
1 4 -2 14
1 4 -2 14
1 4 -2 14

0 0 -1 0
1 2 -1 0
1 2 -1 0
1 2 -1 0
1 2 -1 0
0 1 -1 1
1 2 -1 1
1 2 -1 1
1 3 -1 1
1 3 -2 1
0 1 -1 2
1 2 -1 2
1 3 -1 2
1 2 -1 2
1 3 -1 2
0 1 -1 3
1 3 -1 3
1 2 -1 3
1 3 -1 3
1 2 -1 3
0 1 -1 4
1 3 -1 4
1 3 -2 4
1 2 -1 4
1 2 -1 4
0 2 -1 5
1 2 -1 5
1 3 -1 5
1 3 -1 5
1 4 -2 5
0 2 -1 6
1 3 -1 6
1 2 -1 6
1 4 -2 6
1 3 -2 6
0 2 -1 7
1 3 -1 7
1 3 -2 7
1 3 -1 7
1 3 -2 7
0 2 -1 8
1 3 -1 8
1 3 -1 8
1 3 -1 8
1 3 -1 8
0 2 -1 9
1 3 -1 9
1 4 -2 9
1 2 -1 9
1 3 -1 9
0 2 -1 10
1 4 -2 10
1 3 -2 10
1 3 -1 10
1 2 -1 10
0 3 -1 11
1 3 -1 11
1 3 -1 11
1 4 -2 11
1 4 -2 11
0 3 -1 12
1 3 -1 12
1 4 -2 12
1 3 -1 12
1 4 -2 12
0 3 -1 13
1 4 -2 13
1 4 -2 13
1 3 -1 13
1 3 -1 13
0 4 2 14
1 4 -2 14
1 4 -2 14
1 4 -2 14
1 4 -2 14

0 0 -1 0
1 2 -1 0
1 2 -1 0
1 2 -1 0
1 2 -1 0
0 1 -1 1
1 2 -1 1
1 2 -1 1
1 3 -1 1
1 3 -2 1
0 1 -1 2
1 2 -1 2
1 3 -1 2
1 2 -1 2
1 3 -1 2
0 1 -1 3
1 3 -1 3
1 2 -1 3
1 3 -1 3
1 2 -1 3
0 1 -1 4
1 3 -1 4
1 3 -2 4
1 2 -1 4
1 2 -1 4
0 2 -1 5
1 2 -1 5
1 3 -1 5
1 3 -1 5
1 4 -2 5
0 2 -1 6
1 3 -1 6
1 2 -1 6
1 4 -2 6
1 3 -2 6
0 2 -1 7
1 3 -1 7
1 3 -2 7
1 3 -1 7
1 3 -2 7
0 2 -1 8
1 3 -1 8
1 3 -1 8
1 3 -1 8
1 3 -1 8
0 2 -1 9
1 3 -1 9
1 4 -2 9
1 2 -1 9
1 3 -1 9
0 2 -1 10
1 4 1 10
1 3 -2 10
1 3 -1 10
1 2 -1 10
0 3 -1 11
1 3 -1 11
1 3 -1 11
1 4 -2 11
1 4 -2 11
0 3 -1 12
1 3 -1 12
1 4 -2 12
1 3 -1 12
1 4 -2 12
0 3 -1 13
1 4 1 13
1 4 -2 13
1 3 -1 13
1 3 -1 13
0 4 2 14
1 4 1 14
1 4 -2 14
1 4 -2 14
1 4 -2 14

0 0 -1 0
1 2 -1 0
1 2 -1 0
1 2 -1 0
1 2 -1 0
0 1 -1 1
1 2 -1 1
1 2 -1 1
1 3 -1 1
1 3 -2 1
0 1 -1 2
1 2 -1 2
1 3 -1 2
1 2 -1 2
1 3 -1 2
0 1 -1 3
1 3 -1 3
1 2 -1 3
1 3 -1 3
1 2 -1 3
0 1 -1 4
1 3 -1 4
1 3 -2 4
1 2 -1 4
1 2 -1 4
0 2 -1 5
1 2 -1 5
1 3 -1 5
1 3 -1 5
1 4 1 5
0 2 -1 6
1 3 -1 6
1 2 -1 6
1 4 -2 6
1 3 -2 6
0 2 -1 7
1 3 -1 7
1 3 -2 7
1 3 -1 7
1 3 -2 7
0 2 -1 8
1 3 -1 8
1 3 -1 8
1 3 -1 8
1 3 -1 8
0 2 -1 9
1 3 -1 9
1 4 -2 9
1 2 -1 9
1 3 -1 9
0 2 -1 10
1 4 -2 10
1 3 -2 10
1 3 -1 10
1 2 -1 10
0 3 -1 11
1 3 -1 11
1 3 -1 11
1 4 -2 11
1 4 1 11
0 3 -1 12
1 3 -1 12
1 4 -2 12
1 3 -1 12
1 4 1 12
0 3 -1 13
1 4 -2 13
1 4 -2 13
1 3 -1 13
1 3 -1 13
0 4 2 14
1 4 -2 14
1 4 -2 14
1 4 -2 14
1 4 1 14

0 0 -1 0
1 2 -1 0
1 2 -1 0
1 2 -1 0
1 2 -1 0
0 1 -1 1
1 2 -1 1
1 2 -1 1
1 3 -1 1
1 3 -1 1
0 1 -1 2
1 2 -1 2
1 3 -2 2
1 2 -1 2
1 3 -2 2
0 1 -1 3
1 3 -2 3
1 2 -1 3
1 3 -2 3
1 2 -1 3
0 1 -1 4
1 3 -1 4
1 3 -1 4
1 2 -1 4
1 2 -1 4
0 2 -1 5
1 2 -1 5
1 3 -2 5
1 3 -1 5
1 4 -2 5
0 2 -1 6
1 3 -2 6
1 2 -1 6
1 4 -2 6
1 3 -1 6
0 2 -1 7
1 3 -1 7
1 3 -1 7
1 3 -1 7
1 3 -1 7
0 2 -2 8
1 3 -2 8
1 3 -2 8
1 3 -2 8
1 3 -2 8
0 2 -1 9
1 3 -1 9
1 4 -2 9
1 2 -1 9
1 3 -2 9
0 2 -1 10
1 4 -2 10
1 3 -1 10
1 3 -2 10
1 2 -1 10
0 3 -2 11
1 3 -2 11
1 3 -2 11
1 4 -2 11
1 4 -2 11
0 3 -1 12
1 3 -1 12
1 4 -2 12
1 3 -1 12
1 4 -2 12
0 3 -2 13
1 4 -2 13
1 4 -2 13
1 3 -2 13
1 3 -2 13
0 4 -2 14
1 4 -2 14
1 4 -2 14
1 4 -2 14
1 4 -2 14

0 0 -1 0
1 2 -1 0
1 2 -1 0
1 2 -1 0
1 2 -1 0
0 1 -1 1
1 2 -1 1
1 2 -1 1
1 3 -1 1
1 3 -1 1
0 1 -1 2
1 2 -1 2
1 3 -2 2
1 2 -1 2
1 3 -2 2
0 1 -1 3
1 3 -2 3
1 2 -1 3
1 3 -2 3
1 2 -1 3
0 1 -1 4
1 3 -1 4
1 3 -1 4
1 2 -1 4
1 2 -1 4
0 2 -1 5
1 2 -1 5
1 3 -2 5
1 3 -1 5
1 4 -2 5
0 2 -1 6
1 3 -2 6
1 2 -1 6
1 4 -2 6
1 3 -1 6
0 2 -1 7
1 3 -1 7
1 3 -1 7
1 3 -1 7
1 3 -1 7
0 2 -2 8
1 3 -2 8
1 3 -2 8
1 3 -2 8
1 3 -2 8
0 2 -1 9
1 3 -1 9
1 4 -2 9
1 2 -1 9
1 3 -2 9
0 2 -1 10
1 4 1 10
1 3 -1 10
1 3 -2 10
1 2 -1 10
0 3 2 11
1 3 -2 11
1 3 -2 11
1 4 -2 11
1 4 -2 11
0 3 -1 12
1 3 -1 12
1 4 -2 12
1 3 -1 12
1 4 -2 12
0 3 -2 13
1 4 1 13
1 4 -2 13
1 3 -2 13
1 3 -2 13
0 4 2 14
1 4 1 14
1 4 -2 14
1 4 -2 14
1 4 -2 14

0 0 -1 0
1 2 -1 0
1 2 -1 0
1 2 -1 0
1 2 -1 0
0 1 -1 1
1 2 -1 1
1 2 -1 1
1 3 -1 1
1 3 -1 1
0 1 -1 2
1 2 -1 2
1 3 -2 2
1 2 -1 2
1 3 -2 2
0 1 -1 3
1 3 -2 3
1 2 -1 3
1 3 -2 3
1 2 -1 3
0 1 -1 4
1 3 -1 4
1 3 -1 4
1 2 -1 4
1 2 -1 4
0 2 -1 5
1 2 -1 5
1 3 -2 5
1 3 -1 5
1 4 -2 5
0 2 -1 6
1 3 -2 6
1 2 -1 6
1 4 -2 6
1 3 -1 6
0 2 -1 7
1 3 -1 7
1 3 -1 7
1 3 -1 7
1 3 -1 7
0 2 2 8
1 3 -2 8
1 3 -2 8
1 3 -2 8
1 3 -2 8
0 2 -1 9
1 3 -1 9
1 4 -2 9
1 2 -1 9
1 3 -2 9
0 2 -1 10
1 4 -2 10
1 3 -1 10
1 3 -2 10
1 2 -1 10
0 3 2 11
1 3 -2 11
1 3 -2 11
1 4 -2 11
1 4 -2 11
0 3 -1 12
1 3 -1 12
1 4 -2 12
1 3 -1 12
1 4 -2 12
0 3 2 13
1 4 -2 13
1 4 -2 13
1 3 -2 13
1 3 -2 13
0 4 2 14
1 4 -2 14
1 4 -2 14
1 4 -2 14
1 4 -2 14

0 0 -1 0
1 2 -1 0
1 2 -1 0
1 2 -1 0
1 2 -1 0
0 1 -1 1
1 2 -1 1
1 2 -1 1
1 3 -1 1
1 3 -1 1
0 1 -1 2
1 2 -1 2
1 3 -2 2
1 2 -1 2
1 3 -2 2
0 1 -1 3
1 3 -2 3
1 2 -1 3
1 3 -2 3
1 2 -1 3
0 1 -1 4
1 3 -1 4
1 3 -1 4
1 2 -1 4
1 2 -1 4
0 2 -1 5
1 2 -1 5
1 3 -2 5
1 3 -1 5
1 4 -2 5
0 2 -1 6
1 3 -2 6
1 2 -1 6
1 4 -2 6
1 3 -1 6
0 2 -1 7
1 3 -1 7
1 3 -1 7
1 3 -1 7
1 3 -1 7
0 2 2 8
1 3 -2 8
1 3 -2 8
1 3 -2 8
1 3 -2 8
0 2 -1 9
1 3 -1 9
1 4 -2 9
1 2 -1 9
1 3 -2 9
0 2 -1 10
1 4 1 10
1 3 -1 10
1 3 -2 10
1 2 -1 10
0 3 2 11
1 3 -2 11
1 3 -2 11
1 4 -2 11
1 4 -2 11
0 3 -1 12
1 3 -1 12
1 4 -2 12
1 3 -1 12
1 4 -2 12
0 3 2 13
1 4 1 13
1 4 -2 13
1 3 -2 13
1 3 -2 13
0 4 2 14
1 4 1 14
1 4 -2 14
1 4 -2 14
1 4 -2 14

0 0 -1 0
1 2 -1 0
1 2 -1 0
1 2 -1 0
1 2 -1 0
0 1 -1 1
1 2 -1 1
1 2 -1 1
1 3 -1 1
1 3 -1 1
0 1 -1 2
1 2 -1 2
1 3 -2 2
1 2 -1 2
1 3 -2 2
0 1 -1 3
1 3 -2 3
1 2 -1 3
1 3 -2 3
1 2 -1 3
0 1 -1 4
1 3 -1 4
1 3 -1 4
1 2 -1 4
1 2 -1 4
0 2 -1 5
1 2 -1 5
1 3 -2 5
1 3 -1 5
1 4 1 5
0 2 -1 6
1 3 -2 6
1 2 -1 6
1 4 -2 6
1 3 -1 6
0 2 -1 7
1 3 -1 7
1 3 -1 7
1 3 -1 7
1 3 -1 7
0 2 -2 8
1 3 -2 8
1 3 -2 8
1 3 -2 8
1 3 -2 8
0 2 -1 9
1 3 -1 9
1 4 -2 9
1 2 -1 9
1 3 -2 9
0 2 -1 10
1 4 -2 10
1 3 -1 10
1 3 -2 10
1 2 -1 10
0 3 -2 11
1 3 -2 11
1 3 -2 11
1 4 -2 11
1 4 1 11
0 3 -1 12
1 3 -1 12
1 4 -2 12
1 3 -1 12
1 4 1 12
0 3 2 13
1 4 -2 13
1 4 -2 13
1 3 -2 13
1 3 -2 13
0 4 2 14
1 4 -2 14
1 4 -2 14
1 4 -2 14
1 4 1 14

0 0 -1 0
1 2 -1 0
1 2 -1 0
1 2 -1 0
1 2 -1 0
0 1 -1 1
1 2 -1 1
1 2 -1 1
1 3 -1 1
1 3 -1 1
0 1 -1 2
1 2 -1 2
1 3 -2 2
1 2 -1 2
1 3 -2 2
0 1 -1 3
1 3 -2 3
1 2 -1 3
1 3 -2 3
1 2 -1 3
0 1 -1 4
1 3 -1 4
1 3 -1 4
1 2 -1 4
1 2 -1 4
0 2 -1 5
1 2 -1 5
1 3 -2 5
1 3 -1 5
1 4 1 5
0 2 -1 6
1 3 -2 6
1 2 -1 6
1 4 -2 6
1 3 -1 6
0 2 -1 7
1 3 -1 7
1 3 -1 7
1 3 -1 7
1 3 -1 7
0 2 2 8
1 3 -2 8
1 3 -2 8
1 3 -2 8
1 3 -2 8
0 2 -1 9
1 3 -1 9
1 4 -2 9
1 2 -1 9
1 3 -2 9
0 2 -1 10
1 4 -2 10
1 3 -1 10
1 3 -2 10
1 2 -1 10
0 3 2 11
1 3 -2 11
1 3 -2 11
1 4 -2 11
1 4 1 11
0 3 -1 12
1 3 -1 12
1 4 -2 12
1 3 -1 12
1 4 1 12
0 3 2 13
1 4 -2 13
1 4 -2 13
1 3 -2 13
1 3 -2 13
0 4 2 14
1 4 -2 14
1 4 -2 14
1 4 -2 14
1 4 1 14

0 0 -1 0
1 2 -1 0
1 2 -1 0
1 2 -1 0
1 2 -1 0
0 1 -1 1
1 2 -1 1
1 2 -1 1
1 3 -1 1
1 3 -1 1
0 1 -1 2
1 2 -1 2
1 3 -2 2
1 2 -1 2
1 3 -2 2
0 1 -1 3
1 3 -2 3
1 2 -1 3
1 3 -2 3
1 2 -1 3
0 1 -1 4
1 3 -1 4
1 3 -1 4
1 2 -1 4
1 2 -1 4
0 2 -1 5
1 2 -1 5
1 3 -2 5
1 3 -1 5
1 4 1 5
0 2 -1 6
1 3 -2 6
1 2 -1 6
1 4 1 6
1 3 -1 6
0 2 -1 7
1 3 -1 7
1 3 -1 7
1 3 -1 7
1 3 -1 7
0 2 2 8
1 3 -2 8
1 3 -2 8
1 3 -2 8
1 3 -2 8
0 2 -1 9
1 3 -1 9
1 4 1 9
1 2 -1 9
1 3 -2 9
0 2 -1 10
1 4 1 10
1 3 -1 10
1 3 -2 10
1 2 -1 10
0 3 2 11
1 3 -2 11
1 3 -2 11
1 4 1 11
1 4 1 11
0 3 -1 12
1 3 -1 12
1 4 1 12
1 3 -1 12
1 4 1 12
0 3 2 13
1 4 1 13
1 4 1 13
1 3 -2 13
1 3 -2 13
0 4 1 14
1 4 1 14
1 4 1 14
1 4 1 14
1 4 1 14

0 0 -1 0
1 2 -1 0
1 2 -1 0
1 2 -1 0
1 2 -1 0
0 1 -1 1
1 2 -1 1
1 2 -1 1
1 3 -1 1
1 3 -1 1
0 1 -1 2
1 2 -1 2
1 3 -2 2
1 2 -1 2
1 3 -1 2
0 1 -1 3
1 3 -2 3
1 2 -1 3
1 3 -1 3
1 2 -1 3
0 1 -1 4
1 3 -1 4
1 3 -1 4
1 2 -1 4
1 2 -1 4
0 2 -1 5
1 2 -1 5
1 3 -2 5
1 3 -1 5
1 4 -2 5
0 2 -1 6
1 3 -2 6
1 2 -1 6
1 4 -2 6
1 3 -1 6
0 2 -1 7
1 3 -1 7
1 3 -1 7
1 3 -1 7
1 3 -1 7
0 2 -1 8
1 3 -2 8
1 3 -2 8
1 3 -1 8
1 3 -1 8
0 2 -1 9
1 3 -1 9
1 4 -2 9
1 2 -1 9
1 3 -1 9
0 2 -1 10
1 4 -2 10
1 3 -1 10
1 3 -1 10
1 2 -1 10
0 3 -2 11
1 3 -2 11
1 3 -2 11
1 4 -2 11
1 4 -2 11
0 3 -1 12
1 3 -1 12
1 4 -2 12
1 3 -1 12
1 4 -2 12
0 3 -1 13
1 4 -2 13
1 4 -2 13
1 3 -1 13
1 3 -1 13
0 4 -2 14
1 4 -2 14
1 4 -2 14
1 4 -2 14
1 4 -2 14

0 0 -1 0
1 2 -1 0
1 2 -1 0
1 2 -1 0
1 2 -1 0
0 1 -1 1
1 2 -1 1
1 2 -1 1
1 3 -1 1
1 3 -1 1
0 1 -1 2
1 2 -1 2
1 3 -2 2
1 2 -1 2
1 3 -1 2
0 1 -1 3
1 3 -2 3
1 2 -1 3
1 3 -1 3
1 2 -1 3
0 1 -1 4
1 3 -1 4
1 3 -1 4
1 2 -1 4
1 2 -1 4
0 2 -1 5
1 2 -1 5
1 3 -2 5
1 3 -1 5
1 4 -2 5
0 2 -1 6
1 3 -2 6
1 2 -1 6
1 4 -2 6
1 3 -1 6
0 2 -1 7
1 3 -1 7
1 3 -1 7
1 3 -1 7
1 3 -1 7
0 2 -1 8
1 3 -2 8
1 3 -2 8
1 3 -1 8
1 3 -1 8
0 2 -1 9
1 3 -1 9
1 4 -2 9
1 2 -1 9
1 3 -1 9
0 2 -1 10
1 4 -2 10
1 3 -1 10
1 3 -1 10
1 2 -1 10
0 3 -2 11
1 3 -2 11
1 3 -2 11
1 4 -2 11
1 4 -2 11
0 3 -1 12
1 3 -1 12
1 4 -2 12
1 3 -1 12
1 4 -2 12
0 3 -1 13
1 4 -2 13
1 4 -2 13
1 3 -1 13
1 3 -1 13
0 4 2 14
1 4 -2 14
1 4 -2 14
1 4 -2 14
1 4 -2 14

0 0 -1 0
1 2 -1 0
1 2 -1 0
1 2 -1 0
1 2 -1 0
0 1 -1 1
1 2 -1 1
1 2 -1 1
1 3 -1 1
1 3 -1 1
0 1 -1 2
1 2 -1 2
1 3 -2 2
1 2 -1 2
1 3 -1 2
0 1 -1 3
1 3 -2 3
1 2 -1 3
1 3 -1 3
1 2 -1 3
0 1 -1 4
1 3 -1 4
1 3 -1 4
1 2 -1 4
1 2 -1 4
0 2 -1 5
1 2 -1 5
1 3 -2 5
1 3 -1 5
1 4 -2 5
0 2 -1 6
1 3 -2 6
1 2 -1 6
1 4 -2 6
1 3 -1 6
0 2 -1 7
1 3 -1 7
1 3 -1 7
1 3 -1 7
1 3 -1 7
0 2 -1 8
1 3 -2 8
1 3 -2 8
1 3 -1 8
1 3 -1 8
0 2 -1 9
1 3 -1 9
1 4 -2 9
1 2 -1 9
1 3 -1 9
0 2 -1 10
1 4 -2 10
1 3 -1 10
1 3 -1 10
1 2 -1 10
0 3 2 11
1 3 -2 11
1 3 -2 11
1 4 -2 11
1 4 -2 11
0 3 -1 12
1 3 -1 12
1 4 -2 12
1 3 -1 12
1 4 -2 12
0 3 -1 13
1 4 -2 13
1 4 -2 13
1 3 -1 13
1 3 -1 13
0 4 2 14
1 4 -2 14
1 4 -2 14
1 4 -2 14
1 4 -2 14

0 0 -1 0
1 2 -1 0
1 2 -1 0
1 2 -1 0
1 2 -1 0
0 1 -1 1
1 2 -1 1
1 2 -1 1
1 3 -1 1
1 3 -1 1
0 1 -1 2
1 2 -1 2
1 3 -2 2
1 2 -1 2
1 3 -1 2
0 1 -1 3
1 3 -2 3
1 2 -1 3
1 3 -1 3
1 2 -1 3
0 1 -1 4
1 3 -1 4
1 3 -1 4
1 2 -1 4
1 2 -1 4
0 2 -1 5
1 2 -1 5
1 3 -2 5
1 3 -1 5
1 4 -2 5
0 2 -1 6
1 3 -2 6
1 2 -1 6
1 4 -2 6
1 3 -1 6
0 2 -1 7
1 3 -1 7
1 3 -1 7
1 3 -1 7
1 3 -1 7
0 2 -1 8
1 3 -2 8
1 3 -2 8
1 3 -1 8
1 3 -1 8
0 2 -1 9
1 3 -1 9
1 4 -2 9
1 2 -1 9
1 3 -1 9
0 2 -1 10
1 4 1 10
1 3 -1 10
1 3 -1 10
1 2 -1 10
0 3 2 11
1 3 -2 11
1 3 -2 11
1 4 -2 11
1 4 -2 11
0 3 -1 12
1 3 -1 12
1 4 -2 12
1 3 -1 12
1 4 -2 12
0 3 -1 13
1 4 1 13
1 4 -2 13
1 3 -1 13
1 3 -1 13
0 4 2 14
1 4 1 14
1 4 -2 14
1 4 -2 14
1 4 -2 14

0 0 -1 0
1 2 -1 0
1 2 -1 0
1 2 -1 0
1 2 -1 0
0 1 -1 1
1 2 -1 1
1 2 -1 1
1 3 -1 1
1 3 -1 1
0 1 -1 2
1 2 -1 2
1 3 -2 2
1 2 -1 2
1 3 -1 2
0 1 -1 3
1 3 -2 3
1 2 -1 3
1 3 -1 3
1 2 -1 3
0 1 -1 4
1 3 -1 4
1 3 -1 4
1 2 -1 4
1 2 -1 4
0 2 -1 5
1 2 -1 5
1 3 -2 5
1 3 -1 5
1 4 1 5
0 2 -1 6
1 3 -2 6
1 2 -1 6
1 4 -2 6
1 3 -1 6
0 2 -1 7
1 3 -1 7
1 3 -1 7
1 3 -1 7
1 3 -1 7
0 2 -1 8
1 3 -2 8
1 3 -2 8
1 3 -1 8
1 3 -1 8
0 2 -1 9
1 3 -1 9
1 4 -2 9
1 2 -1 9
1 3 -1 9
0 2 -1 10
1 4 -2 10
1 3 -1 10
1 3 -1 10
1 2 -1 10
0 3 -2 11
1 3 -2 11
1 3 -2 11
1 4 -2 11
1 4 1 11
0 3 -1 12
1 3 -1 12
1 4 -2 12
1 3 -1 12
1 4 1 12
0 3 -1 13
1 4 -2 13
1 4 -2 13
1 3 -1 13
1 3 -1 13
0 4 2 14
1 4 -2 14
1 4 -2 14
1 4 -2 14
1 4 1 14

0 0 -1 0
1 2 -1 0
1 2 -1 0
1 2 -1 0
1 2 -1 0
0 1 -1 1
1 2 -1 1
1 2 -1 1
1 3 -1 1
1 3 -1 1
0 1 -1 2
1 2 -1 2
1 3 -2 2
1 2 -1 2
1 3 -1 2
0 1 -1 3
1 3 -2 3
1 2 -1 3
1 3 -1 3
1 2 -1 3
0 1 -1 4
1 3 -1 4
1 3 -1 4
1 2 -1 4
1 2 -1 4
0 2 -1 5
1 2 -1 5
1 3 -2 5
1 3 -1 5
1 4 1 5
0 2 -1 6
1 3 -2 6
1 2 -1 6
1 4 -2 6
1 3 -1 6
0 2 -1 7
1 3 -1 7
1 3 -1 7
1 3 -1 7
1 3 -1 7
0 2 -1 8
1 3 -2 8
1 3 -2 8
1 3 -1 8
1 3 -1 8
0 2 -1 9
1 3 -1 9
1 4 -2 9
1 2 -1 9
1 3 -1 9
0 2 -1 10
1 4 -2 10
1 3 -1 10
1 3 -1 10
1 2 -1 10
0 3 2 11
1 3 -2 11
1 3 -2 11
1 4 -2 11
1 4 1 11
0 3 -1 12
1 3 -1 12
1 4 -2 12
1 3 -1 12
1 4 1 12
0 3 -1 13
1 4 -2 13
1 4 -2 13
1 3 -1 13
1 3 -1 13
0 4 2 14
1 4 -2 14
1 4 -2 14
1 4 -2 14
1 4 1 14

0 0 -1 0
1 2 -1 0
1 2 -1 0
1 2 -1 0
1 2 -1 0
0 1 -1 1
1 2 -1 1
1 2 -1 1
1 3 -1 1
1 3 -1 1
0 1 -1 2
1 2 -1 2
1 3 -1 2
1 2 -1 2
1 3 -2 2
0 1 -1 3
1 3 -1 3
1 2 -1 3
1 3 -2 3
1 2 -1 3
0 1 -1 4
1 3 -1 4
1 3 -1 4
1 2 -1 4
1 2 -1 4
0 2 -1 5
1 2 -1 5
1 3 -1 5
1 3 -1 5
1 4 -2 5
0 2 -1 6
1 3 -1 6
1 2 -1 6
1 4 -2 6
1 3 -1 6
0 2 -1 7
1 3 -1 7
1 3 -1 7
1 3 -1 7
1 3 -1 7
0 2 -1 8
1 3 -1 8
1 3 -1 8
1 3 -2 8
1 3 -2 8
0 2 -1 9
1 3 -1 9
1 4 -2 9
1 2 -1 9
1 3 -2 9
0 2 -1 10
1 4 -2 10
1 3 -1 10
1 3 -2 10
1 2 -1 10
0 3 -1 11
1 3 -1 11
1 3 -1 11
1 4 -2 11
1 4 -2 11
0 3 -1 12
1 3 -1 12
1 4 -2 12
1 3 -1 12
1 4 -2 12
0 3 -2 13
1 4 -2 13
1 4 -2 13
1 3 -2 13
1 3 -2 13
0 4 -2 14
1 4 -2 14
1 4 -2 14
1 4 -2 14
1 4 -2 14

0 0 -1 0
1 2 -1 0
1 2 -1 0
1 2 -1 0
1 2 -1 0
0 1 -1 1
1 2 -1 1
1 2 -1 1
1 3 -1 1
1 3 -1 1
0 1 -1 2
1 2 -1 2
1 3 -1 2
1 2 -1 2
1 3 -2 2
0 1 -1 3
1 3 -1 3
1 2 -1 3
1 3 -2 3
1 2 -1 3
0 1 -1 4
1 3 -1 4
1 3 -1 4
1 2 -1 4
1 2 -1 4
0 2 -1 5
1 2 -1 5
1 3 -1 5
1 3 -1 5
1 4 -2 5
0 2 -1 6
1 3 -1 6
1 2 -1 6
1 4 -2 6
1 3 -1 6
0 2 -1 7
1 3 -1 7
1 3 -1 7
1 3 -1 7
1 3 -1 7
0 2 -1 8
1 3 -1 8
1 3 -1 8
1 3 -2 8
1 3 -2 8
0 2 -1 9
1 3 -1 9
1 4 -2 9
1 2 -1 9
1 3 -2 9
0 2 -1 10
1 4 -2 10
1 3 -1 10
1 3 -2 10
1 2 -1 10
0 3 -1 11
1 3 -1 11
1 3 -1 11
1 4 -2 11
1 4 -2 11
0 3 -1 12
1 3 -1 12
1 4 -2 12
1 3 -1 12
1 4 -2 12
0 3 -2 13
1 4 -2 13
1 4 -2 13
1 3 -2 13
1 3 -2 13
0 4 2 14
1 4 -2 14
1 4 -2 14
1 4 -2 14
1 4 -2 14

0 0 -1 0
1 2 -1 0
1 2 -1 0
1 2 -1 0
1 2 -1 0
0 1 -1 1
1 2 -1 1
1 2 -1 1
1 3 -1 1
1 3 -1 1
0 1 -1 2
1 2 -1 2
1 3 -1 2
1 2 -1 2
1 3 -2 2
0 1 -1 3
1 3 -1 3
1 2 -1 3
1 3 -2 3
1 2 -1 3
0 1 -1 4
1 3 -1 4
1 3 -1 4
1 2 -1 4
1 2 -1 4
0 2 -1 5
1 2 -1 5
1 3 -1 5
1 3 -1 5
1 4 -2 5
0 2 -1 6
1 3 -1 6
1 2 -1 6
1 4 -2 6
1 3 -1 6
0 2 -1 7
1 3 -1 7
1 3 -1 7
1 3 -1 7
1 3 -1 7
0 2 -1 8
1 3 -1 8
1 3 -1 8
1 3 -2 8
1 3 -2 8
0 2 -1 9
1 3 -1 9
1 4 -2 9
1 2 -1 9
1 3 -2 9
0 2 -1 10
1 4 -2 10
1 3 -1 10
1 3 -2 10
1 2 -1 10
0 3 -1 11
1 3 -1 11
1 3 -1 11
1 4 -2 11
1 4 -2 11
0 3 -1 12
1 3 -1 12
1 4 -2 12
1 3 -1 12
1 4 -2 12
0 3 2 13
1 4 -2 13
1 4 -2 13
1 3 -2 13
1 3 -2 13
0 4 2 14
1 4 -2 14
1 4 -2 14
1 4 -2 14
1 4 -2 14

0 0 -1 0
1 2 -1 0
1 2 -1 0
1 2 -1 0
1 2 -1 0
0 1 -1 1
1 2 -1 1
1 2 -1 1
1 3 -1 1
1 3 -1 1
0 1 -1 2
1 2 -1 2
1 3 -1 2
1 2 -1 2
1 3 -2 2
0 1 -1 3
1 3 -1 3
1 2 -1 3
1 3 -2 3
1 2 -1 3
0 1 -1 4
1 3 -1 4
1 3 -1 4
1 2 -1 4
1 2 -1 4
0 2 -1 5
1 2 -1 5
1 3 -1 5
1 3 -1 5
1 4 -2 5
0 2 -1 6
1 3 -1 6
1 2 -1 6
1 4 -2 6
1 3 -1 6
0 2 -1 7
1 3 -1 7
1 3 -1 7
1 3 -1 7
1 3 -1 7
0 2 -1 8
1 3 -1 8
1 3 -1 8
1 3 -2 8
1 3 -2 8
0 2 -1 9
1 3 -1 9
1 4 -2 9
1 2 -1 9
1 3 -2 9
0 2 -1 10
1 4 1 10
1 3 -1 10
1 3 -2 10
1 2 -1 10
0 3 -1 11
1 3 -1 11
1 3 -1 11
1 4 -2 11
1 4 -2 11
0 3 -1 12
1 3 -1 12
1 4 -2 12
1 3 -1 12
1 4 -2 12
0 3 -2 13
1 4 1 13
1 4 -2 13
1 3 -2 13
1 3 -2 13
0 4 2 14
1 4 1 14
1 4 -2 14
1 4 -2 14
1 4 -2 14

0 0 -1 0
1 2 -1 0
1 2 -1 0
1 2 -1 0
1 2 -1 0
0 1 -1 1
1 2 -1 1
1 2 -1 1
1 3 -1 1
1 3 -1 1
0 1 -1 2
1 2 -1 2
1 3 -1 2
1 2 -1 2
1 3 -2 2
0 1 -1 3
1 3 -1 3
1 2 -1 3
1 3 -2 3
1 2 -1 3
0 1 -1 4
1 3 -1 4
1 3 -1 4
1 2 -1 4
1 2 -1 4
0 2 -1 5
1 2 -1 5
1 3 -1 5
1 3 -1 5
1 4 -2 5
0 2 -1 6
1 3 -1 6
1 2 -1 6
1 4 -2 6
1 3 -1 6
0 2 -1 7
1 3 -1 7
1 3 -1 7
1 3 -1 7
1 3 -1 7
0 2 -1 8
1 3 -1 8
1 3 -1 8
1 3 -2 8
1 3 -2 8
0 2 -1 9
1 3 -1 9
1 4 -2 9
1 2 -1 9
1 3 -2 9
0 2 -1 10
1 4 1 10
1 3 -1 10
1 3 -2 10
1 2 -1 10
0 3 -1 11
1 3 -1 11
1 3 -1 11
1 4 -2 11
1 4 -2 11
0 3 -1 12
1 3 -1 12
1 4 -2 12
1 3 -1 12
1 4 -2 12
0 3 2 13
1 4 1 13
1 4 -2 13
1 3 -2 13
1 3 -2 13
0 4 2 14
1 4 1 14
1 4 -2 14
1 4 -2 14
1 4 -2 14

0 0 -1 0
1 2 -1 0
1 2 -1 0
1 2 -1 0
1 2 -1 0
0 1 -1 1
1 2 -1 1
1 2 -1 1
1 3 -1 1
1 3 -1 1
0 1 -1 2
1 2 -1 2
1 3 -1 2
1 2 -1 2
1 3 -2 2
0 1 -1 3
1 3 -1 3
1 2 -1 3
1 3 -2 3
1 2 -1 3
0 1 -1 4
1 3 -1 4
1 3 -1 4
1 2 -1 4
1 2 -1 4
0 2 -1 5
1 2 -1 5
1 3 -1 5
1 3 -1 5
1 4 1 5
0 2 -1 6
1 3 -1 6
1 2 -1 6
1 4 -2 6
1 3 -1 6
0 2 -1 7
1 3 -1 7
1 3 -1 7
1 3 -1 7
1 3 -1 7
0 2 -1 8
1 3 -1 8
1 3 -1 8
1 3 -2 8
1 3 -2 8
0 2 -1 9
1 3 -1 9
1 4 -2 9
1 2 -1 9
1 3 -2 9
0 2 -1 10
1 4 -2 10
1 3 -1 10
1 3 -2 10
1 2 -1 10
0 3 -1 11
1 3 -1 11
1 3 -1 11
1 4 -2 11
1 4 1 11
0 3 -1 12
1 3 -1 12
1 4 -2 12
1 3 -1 12
1 4 1 12
0 3 2 13
1 4 -2 13
1 4 -2 13
1 3 -2 13
1 3 -2 13
0 4 2 14
1 4 -2 14
1 4 -2 14
1 4 -2 14
1 4 1 14

0 0 -1 0
1 2 -1 0
1 2 -1 0
1 2 -1 0
1 2 -1 0
0 1 -1 1
1 2 -1 1
1 2 -1 1
1 3 -1 1
1 3 -1 1
0 1 -1 2
1 2 -1 2
1 3 -1 2
1 2 -1 2
1 3 -1 2
0 1 -1 3
1 3 -1 3
1 2 -1 3
1 3 -1 3
1 2 -1 3
0 1 -1 4
1 3 -1 4
1 3 -1 4
1 2 -1 4
1 2 -1 4
0 2 -1 5
1 2 -1 5
1 3 -1 5
1 3 -1 5
1 4 -2 5
0 2 -1 6
1 3 -1 6
1 2 -1 6
1 4 -2 6
1 3 -1 6
0 2 -1 7
1 3 -1 7
1 3 -1 7
1 3 -1 7
1 3 -1 7
0 2 -1 8
1 3 -1 8
1 3 -1 8
1 3 -1 8
1 3 -1 8
0 2 -1 9
1 3 -1 9
1 4 -2 9
1 2 -1 9
1 3 -1 9
0 2 -1 10
1 4 -2 10
1 3 -1 10
1 3 -1 10
1 2 -1 10
0 3 -1 11
1 3 -1 11
1 3 -1 11
1 4 -2 11
1 4 -2 11
0 3 -1 12
1 3 -1 12
1 4 -2 12
1 3 -1 12
1 4 -2 12
0 3 -1 13
1 4 -2 13
1 4 -2 13
1 3 -1 13
1 3 -1 13
0 4 2 14
1 4 -2 14
1 4 -2 14
1 4 -2 14
1 4 -2 14


