50 7 8
1 4 5 8
7
4
1 2 3 4
2
1 5
2
1 6
2
2 6
2
3 7
2
4 8
4
5 6 7 8
1 4 5 8
7
4
1 2 3 4
2
1 5
2
1 6
3
2 6 7
2
3 7
2
4 8
4
5 6 7 8
1 4 5 8
7
4
1 2 3 4
2
1 5
2
1 6
3
2 6 7
3
3 7 8
2
4 8
4
5 6 7 8
1 4 5 8
7
4
1 2 3 4
2
1 5
2
1 6
2
2 7
2
3 7
2
4 8
4
5 6 7 8
1 4 5 8
7
4
1 2 3 4
2
1 5
2
1 6
2
2 7
3
3 7 8
2
4 8
4
5 6 7 8
1 4 5 8
7
4
1 2 3 4
2
1 5
2
1 6
2
2 7
2
3 8
2
4 8
4
5 6 7 8
1 4 5 8
7
4
1 2 3 4
2
1 5
3
1 2 6
3
2 6 7
2
3 7
2
4 8
4
5 6 7 8
1 4 5 8
7
4
1 2 3 4
2
1 5
3
1 2 6
3
2 6 7
3
3 7 8
2
4 8
4
5 6 7 8
1 4 5 8
7
4
1 2 3 4
2
1 5
3
1 2 6
2
2 7
2
3 7
2
4 8
4
5 6 7 8
1 4 5 8
7
4
1 2 3 4
2
1 5
3
1 2 6
2
2 7
3
3 7 8
2
4 8
4
5 6 7 8
1 4 5 8
7
4
1 2 3 4
2
1 5
3
1 2 6
2
2 7
2
3 8
2
4 8
4
5 6 7 8
1 4 5 8
7
4
1 2 3 4
2
1 5
3
1 2 6
3
2 3 6
2
3 7
2
4 8
4
5 6 7 8
1 4 5 8
7
4
1 2 3 4
2
1 5
3
1 2 6
4
2 3 6 7
3
3 7 8
2
4 8
4
5 6 7 8
1 4 5 8
7
4
1 2 3 4
2
1 5
3
1 2 6
3
2 3 7
3
3 7 8
2
4 8
4
5 6 7 8
1 4 5 8
7
4
1 2 3 4
2
1 5
3
1 2 6
3
2 3 7
2
3 8
2
4 8
4
5 6 7 8
1 4 5 8
7
4
1 2 3 4
2
1 5
3
1 2 6
3
2 3 6
3
3 4 7
2
4 8
4
5 6 7 8
1 4 5 8
7
4
1 2 3 4
2
1 5
3
1 2 6
4
2 3 6 7
3
3 4 7
2
4 8
4
5 6 7 8
1 4 5 8
7
4
1 2 3 4
2
1 5
3
1 2 6
3
2 3 7
3
3 4 7
2
4 8
4
5 6 7 8
1 4 5 8
7
4
1 2 3 4
2
1 5
2
2 5
2
2 6
2
3 7
2
4 8
4
5 6 7 8
1 4 5 8
7
4
1 2 3 4
2
1 5
3
2 5 6
3
2 6 7
2
3 7
2
4 8
4
5 6 7 8
1 4 5 8
7
4
1 2 3 4
2
1 5
3
2 5 6
3
2 6 7
3
3 7 8
2
4 8
4
5 6 7 8
1 4 5 8
7
4
1 2 3 4
2
1 5
2
2 6
2
2 7
2
3 7
2
4 8
4
5 6 7 8
1 4 5 8
7
4
1 2 3 4
2
1 5
2
2 6
2
2 7
3
3 7 8
2
4 8
4
5 6 7 8
1 4 5 8
7
4
1 2 3 4
2
1 5
2
2 6
2
2 7
2
3 8
2
4 8
4
5 6 7 8
1 4 5 8
7
4
1 2 3 4
2
1 5
2
2 5
3
2 3 6
2
3 7
2
4 8
4
5 6 7 8
1 4 5 8
7
4
1 2 3 4
2
1 5
3
2 5 6
3
2 3 6
2
3 7
2
4 8
4
5 6 7 8
1 4 5 8
7
4
1 2 3 4
2
1 5
3
2 5 6
4
2 3 6 7
3
3 7 8
2
4 8
4
5 6 7 8
1 4 5 8
7
4
1 2 3 4
2
1 5
2
2 6
3
2 3 7
3
3 7 8
2
4 8
4
5 6 7 8
1 4 5 8
7
4
1 2 3 4
2
1 5
2
2 6
3
2 3 7
2
3 8
2
4 8
4
5 6 7 8
1 4 5 8
7
4
1 2 3 4
2
1 5
2
2 5
3
2 3 6
3
3 4 7
2
4 8
4
5 6 7 8
1 4 5 8
7
4
1 2 3 4
2
1 5
3
2 5 6
3
2 3 6
3
3 4 7
2
4 8
4
5 6 7 8
1 4 5 8
7
4
1 2 3 4
2
1 5
3
2 5 6
4
2 3 6 7
3
3 4 7
2
4 8
4
5 6 7 8
1 4 5 8
7
4
1 2 3 4
2
1 5
2
2 6
3
2 3 7
3
3 4 7
2
4 8
4
5 6 7 8
1 4 5 8
7
4
1 2 3 4
2
1 5
2
2 5
2
3 6
2
3 7
2
4 8
4
5 6 7 8
1 4 5 8
7
4
1 2 3 4
2
1 5
3
2 5 6
2
3 6
2
3 7
2
4 8
4
5 6 7 8
1 4 5 8
7
4
1 2 3 4
2
1 5
3
2 5 6
3
3 6 7
3
3 7 8
2
4 8
4
5 6 7 8
1 4 5 8
7
4
1 2 3 4
2
1 5
2
2 6
2
3 6
2
3 7
2
4 8
4
5 6 7 8
1 4 5 8
7
4
1 2 3 4
2
1 5
2
2 6
3
3 6 7
3
3 7 8
2
4 8
4
5 6 7 8
1 4 5 8
7
4
1 2 3 4
2
1 5
2
2 6
2
3 7
2
3 8
2
4 8
4
5 6 7 8
1 4 5 8
7
4
1 2 3 4
2
1 5
2
2 5
2
3 6
3
3 4 7
2
4 8
4
5 6 7 8
1 4 5 8
7
4
1 2 3 4
2
1 5
3
2 5 6
2
3 6
3
3 4 7
2
4 8
4
5 6 7 8
1 4 5 8
7
4
1 2 3 4
2
1 5
3
2 5 6
3
3 6 7
3
3 4 7
2
4 8
4
5 6 7 8
1 4 5 8
7
4
1 2 3 4
2
1 5
2
2 6
2
3 6
3
3 4 7
2
4 8
4
5 6 7 8
1 4 5 8
7
4
1 2 3 4
2
1 5
2
2 6
3
3 6 7
3
3 4 7
2
4 8
4
5 6 7 8
1 4 5 8
7
4
1 2 3 4
2
1 5
2
2 5
2
3 6
2
4 7
2
4 8
4
5 6 7 8
1 4 5 8
7
4
1 2 3 4
2
1 5
3
2 5 6
2
3 6
2
4 7
2
4 8
4
5 6 7 8
1 4 5 8
7
4
1 2 3 4
2
1 5
3
2 5 6
3
3 6 7
2
4 7
2
4 8
4
5 6 7 8
1 4 5 8
7
4
1 2 3 4
2
1 5
2
2 6
2
3 6
2
4 7
2
4 8
4
5 6 7 8
1 4 5 8
7
4
1 2 3 4
2
1 5
2
2 6
3
3 6 7
2
4 7
2
4 8
4
5 6 7 8
1 4 5 8
7
4
1 2 3 4
2
1 5
2
2 6
2
3 7
2
4 7
2
4 8
4
5 6 7 8
