30
8
2
1 2
2
1 3
2
1 4
2
1 5
2
1 6
2
1 7
2
2 7
5
3 4 5 6 7
8
2
1 2
2
1 3
2
1 4
2
1 5
2
1 6
2
2 6
2
2 7
5
3 4 5 6 7
8
2
1 2
2
1 3
2
1 4
2
1 5
2
2 5
2
2 6
2
2 7
5
3 4 5 6 7
8
2
1 2
2
1 3
2
1 4
2
2 4
2
2 5
2
2 6
2
2 7
5
3 4 5 6 7
8
2
1 2
2
1 3
2
2 3
2
2 4
2
2 5
2
2 6
2
2 7
5
3 4 5 6 7
8
3
1 2 3
2
1 4
2
1 5
2
1 6
2
1 7
2
2 7
2
3 7
4
4 5 6 7
8
3
1 2 3
2
1 4
2
1 5
2
1 6
2
2 6
2
2 7
2
3 7
4
4 5 6 7
8
3
1 2 3
2
1 4
2
1 5
2
1 6
2
2 6
2
3 6
2
3 7
4
4 5 6 7
8
3
1 2 3
2
1 4
2
1 5
2
2 5
2
2 6
2
2 7
2
3 7
4
4 5 6 7
8
3
1 2 3
2
1 4
2
1 5
2
2 5
2
2 6
2
3 6
2
3 7
4
4 5 6 7
8
3
1 2 3
2
1 4
2
1 5
2
2 5
2
3 5
2
3 6
2
3 7
4
4 5 6 7
8
3
1 2 3
2
1 4
2
2 4
2
2 5
2
2 6
2
2 7
2
3 7
4
4 5 6 7
8
3
1 2 3
2
1 4
2
2 4
2
2 5
2
2 6
2
3 6
2
3 7
4
4 5 6 7
8
3
1 2 3
2
1 4
2
2 4
2
2 5
2
3 5
2
3 6
2
3 7
4
4 5 6 7
8
3
1 2 3
2
1 4
2
2 4
2
3 4
2
3 5
2
3 6
2
3 7
4
4 5 6 7
8
4
1 2 3 4
2
1 5
2
1 6
2
1 7
2
2 7
2
3 7
2
4 7
3
5 6 7
8
4
1 2 3 4
2
1 5
2
1 6
2
2 6
2
2 7
2
3 7
2
4 7
3
5 6 7
8
4
1 2 3 4
2
1 5
2
1 6
2
2 6
2
3 6
2
3 7
2
4 7
3
5 6 7
8
4
1 2 3 4
2
1 5
2
1 6
2
2 6
2
3 6
2
4 6
2
4 7
3
5 6 7
8
4
1 2 3 4
2
1 5
2
2 5
2
2 6
2
2 7
2
3 7
2
4 7
3
5 6 7
8
4
1 2 3 4
2
1 5
2
2 5
2
2 6
2
3 6
2
3 7
2
4 7
3
5 6 7
8
4
1 2 3 4
2
1 5
2
2 5
2
2 6
2
3 6
2
4 6
2
4 7
3
5 6 7
8
4
1 2 3 4
2
1 5
2
2 5
2
3 5
2
3 6
2
3 7
2
4 7
3
5 6 7
8
4
1 2 3 4
2
1 5
2
2 5
2
3 5
2
3 6
2
4 6
2
4 7
3
5 6 7
8
4
1 2 3 4
2
1 5
2
2 5
2
3 5
2
4 5
2
4 6
2
4 7
3
5 6 7
8
5
1 2 3 4 5
2
1 6
2
1 7
2
2 7
2
3 7
2
4 7
2
5 7
2
6 7
8
5
1 2 3 4 5
2
1 6
2
2 6
2
2 7
2
3 7
2
4 7
2
5 7
2
6 7
8
5
1 2 3 4 5
2
1 6
2
2 6
2
3 6
2
3 7
2
4 7
2
5 7
2
6 7
8
5
1 2 3 4 5
2
1 6
2
2 6
2
3 6
2
4 6
2
4 7
2
5 7
2
6 7
8
5
1 2 3 4 5
2
1 6
2
2 6
2
3 6
2
4 6
2
5 6
2
5 7
2
6 7
